"Name","K","Kin","Kout","TypeI","TypeII"
"ANXA7",56,46,10,0,1
"TK1",92,68,24,0,1
"A2M",22,11,11,0,1
"ATF7IP",78,60,18,0,1
"CDK2AP2",11,9,2,0,1
"H2AFX",46,39,7,0,1
"HMOX2",24,16,8,0,1
"TNFRSF14",15,10,5,0,1
"MAP1LC3B",33,29,4,0,1
"RB1",127,103,24,0,1
"ABCA1",56,52,4,0,1
"CSNK2A1",141,119,22,0,1
"MPP6",43,41,2,0,1
"ABCF3",26,25,1,0,1
"EPS8",42,35,7,0,1
"HSPA8",77,63,14,0,1
"KRT15",18,14,4,0,1
"PCM1",25,23,2,0,1
"ABL1",68,44,24,0,1
"BCR",26,22,4,0,1
"CAV1",89,64,25,0,1
"CDK5",33,27,6,0,1
"CRK",142,119,23,0,1
"NEDD9",31,29,2,0,1
"POLR2A",71,60,11,0,1
"PRKD1",36,30,6,0,1
"PTPN12",43,41,2,0,1
"RAN",70,62,8,0,1
"YWHAE",98,85,13,0,1
"ABL2",117,114,3,0,1
"ATXN1",167,143,24,0,1
"AGT",7,3,4,0,1
"APP",135,111,24,0,1
"YWHAG",214,174,40,0,1
"ACP1",24,23,1,0,1
"SPTAN1",24,17,7,0,1
"CFL1",23,19,4,0,1
"PFN1",48,41,7,0,1
"VCL",137,108,29,0,1
"ACTB",119,96,23,0,1
"EMD",23,20,3,0,1
"FHL3",16,15,1,0,1
"PFDN1",21,15,6,0,1
"DMD",51,45,6,0,1
"MYLK",71,67,4,0,1
"ACTG1",65,50,15,0,1
"DYNLL1",34,26,8,0,1
"MAPK6",129,98,31,0,1
"PDPK1",80,68,12,0,1
"PIP4K2C",37,33,4,0,1
"RPS6KA5",71,66,5,0,1
"SH3GL2",22,20,2,0,1
"ARHGDIA",77,75,2,0,1
"ACTN1",50,41,9,0,1
"CAMK2A",38,35,3,0,1
"ACTN4",58,55,3,0,1
"DCTN1",18,14,4,0,1
"CHD3",45,34,11,0,1
"CDC42",69,46,23,0,1
"CTTN",36,32,4,0,1
"ACVR1",63,44,19,0,1
"AP2B1",51,41,10,0,1
"RAP2A",32,27,5,0,1
"STX8",6,5,1,0,1
"TGFB1",26,14,12,0,1
"TGFBR1",124,84,40,0,1
"TGFBR2",111,99,12,0,1
"GRB2",84,52,32,0,1
"ADAM10",51,49,2,0,1
"SH3D19",60,58,2,0,1
"ADAM17",45,39,6,0,1
"NOTCH1",40,37,3,0,1
"TNFSF11",28,19,9,0,1
"RYR1",6,3,3,0,1
"PCYT2",15,14,1,0,1
"FN1",97,77,20,0,1
"PRKCA",120,65,55,0,1
"RAF1",48,38,10,0,1
"APPL1",47,41,6,0,1
"ADM",40,38,2,0,1
"GNAZ",12,10,2,0,1
"EZR",25,20,5,0,1
"SLC9A3R2",33,25,8,0,1
"GNAI2",44,36,8,0,1
"GNAO1",25,18,7,0,1
"ARRB1",40,30,10,0,1
"GPRASP2",16,6,10,0,1
"GRK5",33,27,6,0,1
"SLC9A3R1",27,18,9,0,1
"ADRBK1",39,26,13,0,1
"GIT1",50,38,12,0,1
"MAPK3",49,38,11,0,1
"PEBP1",49,47,2,0,1
"SRC",72,40,32,0,1
"GTF2E1",24,23,1,0,1
"PRKCB",59,46,13,0,1
"PRKCE",51,40,11,0,1
"AFF1",62,55,7,0,1
"CCNT1",57,56,1,0,1
"SGSM2",33,29,4,0,1
"UBE3A",55,50,5,0,1
"CCDC85B",74,61,13,0,1
"CTSG",12,8,4,0,1
"EWSR1",46,30,16,0,1
"ARNT",52,27,25,0,1
"EP300",161,143,18,0,1
"NCOA1",121,79,42,0,1
"NCOA2",72,59,13,0,1
"NCOR2",93,55,38,0,1
"SMARCA4",56,22,34,0,1
"TAF4",31,27,4,0,1
"PRKAR2A",71,65,6,0,1
"AKAP10",33,28,5,0,1
"PRKAR1A",71,59,12,0,1
"GSK3B",139,103,36,0,1
"YWHAB",108,86,22,0,1
"PPP3CA",44,38,6,0,1
"AKAP8L",15,11,4,0,1
"KPNB1",86,74,12,0,1
"PRPF40A",90,74,16,0,1
"AKAP9",33,29,4,0,1
"PKN1",19,16,3,0,1
"AKT1",79,53,26,0,1
"BAD",24,14,10,0,1
"CASP3",102,67,35,0,1
"CHUK",50,35,15,0,1
"MDM2",113,107,6,0,1
"PPP2CA",69,62,7,0,1
"PTEN",91,84,7,0,1
"AKT2",45,37,8,0,1
"BCL2A1",6,4,2,0,1
"HSP90AA1",84,66,18,0,1
"ALB",6,4,2,0,1
"LUC7L2",66,58,8,0,1
"IGSF21",9,6,3,0,1
"XRN1",68,61,7,0,1
"JAK3",27,18,9,0,1
"PTN",18,8,10,0,1
"SSSCA1",11,10,1,0,1
"TOM1L1",14,6,8,0,1
"EGFR",114,68,46,0,1
"BMPR1B",23,11,12,0,1
"TEK",16,9,7,0,1
"ANK2",21,20,1,0,1
"ANK3",41,39,2,0,1
"HDAC4",46,42,4,0,1
"LRP2",21,12,9,0,1
"ANXA1",16,9,7,0,1
"COPS6",53,36,17,0,1
"TGM2",21,15,6,0,1
"UNC119",40,22,18,0,1
"XRCC6",67,60,7,0,1
"PLSCR1",52,36,16,0,1
"S100A6",4,3,1,0,1
"MED31",27,23,4,0,1
"RBBP4",65,57,8,0,1
"RPL13",14,10,4,0,1
"AP2A1",34,28,6,0,1
"RIT1",26,24,2,0,1
"HTT",58,48,10,0,1
"AP2M1",25,23,2,0,1
"AP3B1",39,36,3,0,1
"CLTC",93,79,14,0,1
"HSPA1A",49,37,12,0,1
"APBA1",34,31,3,0,1
"CSNK1E",63,60,3,0,1
"SIAH1",31,29,2,0,1
"LAMA1",19,11,8,0,1
"PCNA",65,58,7,0,1
"UBE2I",74,62,12,0,1
"EFEMP2",21,18,3,0,1
"LNX1",13,7,6,0,1
"CDKN1A",83,74,9,0,1
"NACA",14,13,1,0,1
"VIM",78,62,16,0,1
"APOB",6,4,2,0,1
"APOE",11,3,8,0,1
"LRP1",48,37,11,0,1
"COL4A2",40,37,3,0,1
"HSPG2",32,26,6,0,1
"NID1",37,35,2,0,1
"SHC1",47,30,17,0,1
"SNCA",30,13,17,0,1
"TP53BP2",33,30,3,0,1
"APPBP2",46,43,3,0,1
"PIK3CA",54,46,8,0,1
"CSNK2A2",21,17,4,0,1
"CDC37",45,40,5,0,1
"CREBBP",280,84,196,0,1
"GTF2H1",40,36,4,0,1
"KAT2B",59,54,5,0,1
"MED1",53,47,6,0,1
"NFKB1",156,26,130,0,1
"NR5A1",7,5,2,0,1
"PIAS2",35,32,3,0,1
"RNF4",44,43,1,0,1
"RUNX1",540,86,454,0,1
"SMAD1",207,29,178,0,1
"SUMO1",70,66,4,0,1
"ARAF",14,12,2,0,1
"ARPC3",17,16,1,0,1
"PICK1",17,6,11,0,1
"ARRB2",32,24,8,0,1
"SMN1",39,15,24,0,1
"PIK3R1",133,86,47,0,1
"RASA1",64,45,19,0,1
"SMURF2",74,57,17,0,1
"ARHGAP8",4,3,1,0,1
"ARHGEF1",24,20,4,0,1
"ARHGEF11",18,16,2,0,1
"GNA12",27,21,6,0,1
"ARHGEF12",52,46,6,0,1
"CD44",26,23,3,0,1
"GNA13",69,56,13,0,1
"IGF1R",158,145,13,0,1
"RHOA",59,47,12,0,1
"ARHGEF6",25,19,6,0,1
"PAK1",16,15,1,0,1
"ARHGEF7",35,30,5,0,1
"CBLB",47,39,8,0,1
"ARIH2",37,36,1,0,1
"CCDC90B",15,13,2,0,1
"GAPDH",56,39,17,0,1
"RPL8",20,16,4,0,1
"UBR1",36,27,9,0,1
"ARL4D",28,27,1,0,1
"WAS",22,11,11,0,1
"CSK",30,22,8,0,1
"DVL2",29,20,9,0,1
"HIPK3",115,109,6,0,1
"MAPK1",195,167,28,0,1
"HCK",39,28,11,0,1
"SH3KBP1",44,39,5,0,1
"ASF1A",38,37,1,0,1
"ASGR1",17,15,2,0,1
"DHFR",9,8,1,0,1
"CREB1",438,81,357,0,1
"SMAD3",138,34,104,0,1
"CEBPG",34,31,3,0,1
"CDC34",27,25,2,0,1
"DISC1",32,31,1,0,1
"GTF2E2",14,11,3,0,1
"EIF4EBP1",48,44,4,0,1
"STK11",40,35,5,0,1
"TOPBP1",25,22,3,0,1
"WRN",36,33,3,0,1
"XRCC5",51,45,6,0,1
"ATN1",52,35,17,0,1
"RBPMS",30,28,2,0,1
"CSE1L",55,52,3,0,1
"RASSF1",18,13,5,0,1
"CDK4",74,60,14,0,1
"RPP14",57,55,2,0,1
"ATP5J2",9,7,2,0,1
"ATR",19,14,5,0,1
"ZNF512B",74,65,9,0,1
"ATXN1L",80,71,9,0,1
"DAZAP2",90,86,4,0,1
"RAD23A",21,17,4,0,1
"RNF11",121,103,18,0,1
"CDC20",19,15,4,0,1
"NME1",23,18,5,0,1
"PPP1CC",63,60,3,0,1
"AXIN1",37,20,17,0,1
"CTNNB1",112,95,17,0,1
"JUP",26,22,4,0,1
"PPP2CB",24,23,1,0,1
"CBL",111,84,27,0,1
"IL2RG",10,8,2,0,1
"LCK",63,34,29,0,1
"PIK3R3",56,52,4,0,1
"SOCS1",55,45,10,0,1
"B2M",40,37,3,0,1
"PRSS23",24,21,3,0,1
"BCL2L1",42,37,5,0,1
"MAPK8",98,91,7,0,1
"PPP1CA",39,32,7,0,1
"WASF1",24,22,2,0,1
"YWHAH",45,43,2,0,1
"YWHAQ",84,72,12,0,1
"BCL2",72,69,3,0,1
"MEGF10",5,4,1,0,1
"DLG4",34,16,18,0,1
"PHYHIP",33,28,5,0,1
"BAIAP2",15,10,5,0,1
"IKBKAP",29,25,4,0,1
"CREB3L3",3,1,2,0,1
"MCL1",86,84,2,0,1
"MAP3K7",69,62,7,0,1
"CASP1",20,12,8,0,1
"CASP8",64,42,22,0,1
"BCAR1",37,29,8,0,1
"CD2AP",97,93,4,0,1
"TRIP6",20,14,6,0,1
"NFKB2",82,13,69,0,1
"ERCC3",14,13,1,0,1
"GNA11",19,14,5,0,1
"PTPN11",88,55,33,0,1
"BDNF",23,21,2,0,1
"CPE",41,38,3,0,1
"RBL1",64,59,5,0,1
"BMP4",12,10,2,0,1
"BICD2",74,72,2,0,1
"NEK9",75,74,1,0,1
"DNM2",52,43,9,0,1
"BIRC2",28,17,11,0,1
"CASP7",23,21,2,0,1
"DIABLO",28,25,3,0,1
"TRADD",17,9,8,0,1
"CASP9",21,17,4,0,1
"SUMO2",42,38,4,0,1
"BLNK",18,13,5,0,1
"BLOC1S2",24,23,1,0,1
"BMI1",44,41,3,0,1
"RING1",15,12,3,0,1
"COL1A1",64,53,11,0,1
"BMPR2",81,69,12,0,1
"RINT1",9,7,2,0,1
"RAP1GAP",9,8,1,0,1
"BRCA2",19,15,4,0,1
"CDK2",94,87,7,0,1
"KPNA1",83,81,2,0,1
"KPNA2",55,53,2,0,1
"NFYA",174,41,133,0,1
"RFC1",18,16,2,0,1
"RBL2",39,33,6,0,1
"PDLIM7",14,10,4,0,1
"TRIM5",23,21,2,0,1
"BTK",41,7,34,0,1
"KIT",64,40,24,0,1
"LYN",100,63,37,0,1
"MYD88",28,21,7,0,1
"PLCG1",92,65,27,0,1
"PRKCQ",15,8,7,0,1
"SYK",60,26,34,0,1
"YAP1",80,77,3,0,1
"BUB1",58,53,5,0,1
"PLK1",56,37,19,0,1
"BUB1B",12,10,2,0,1
"C11orf58",32,29,3,0,1
"EEF1G",35,16,19,0,1
"RPLP1",50,43,7,0,1
"SF3B1",51,45,6,0,1
"C14orf1",24,20,4,0,1
"MDFI",33,29,4,0,1
"DCN",21,14,7,0,1
"CSNK2B",53,21,32,0,1
"FGFR3",33,19,14,0,1
"C8orf33",43,39,4,0,1
"MRFAP1",28,26,2,0,1
"CACHD1",22,20,2,0,1
"XAB2",8,4,4,0,1
"CACYBP",14,13,1,0,1
"MPP3",13,12,1,0,1
"CALCOCO2",37,30,7,0,1
"DAXX",19,16,3,0,1
"GABARAPL2",10,9,1,0,1
"PIAS4",47,45,2,0,1
"CALM1",71,63,8,0,1
"LYST",26,23,3,0,1
"CALR",64,56,8,0,1
"THBS1",109,100,9,0,1
"TRAF6",77,50,27,0,1
"KCNA3",7,5,2,0,1
"CANX",79,70,9,0,1
"CFTR",10,8,2,0,1
"EBI3",14,13,1,0,1
"CAPN1",26,19,7,0,1
"CAPNS1",27,23,4,0,1
"GNB2",31,26,5,0,1
"TRAF1",58,46,12,0,1
"CASK",46,34,12,0,1
"EPB41",80,65,15,0,1
"GRIK2",18,17,1,0,1
"PRKD2",32,28,4,0,1
"NEDD4",54,50,4,0,1
"PLA2G4A",40,31,9,0,1
"IL16",18,16,2,0,1
"TOP1",29,27,2,0,1
"RIPK1",12,10,2,0,1
"RYBP",95,92,3,0,1
"RNF19A",40,32,8,0,1
"SUMO4",4,2,2,0,1
"HRAS",46,25,21,0,1
"PLD1",36,32,4,0,1
"INSR",54,33,21,0,1
"ITCH",29,25,4,0,1
"YWHAZ",171,126,45,0,1
"CRY1",8,5,3,0,1
"TRIM24",37,29,8,0,1
"MCM10",29,22,7,0,1
"CCR5",43,35,8,0,1
"MMP1",14,11,3,0,1
"CCL19",7,4,3,0,1
"CXCL13",7,6,1,0,1
"CCR1",10,8,2,0,1
"VCAN",69,59,10,0,1
"CCL21",4,2,2,0,1
"GOT2",16,12,4,0,1
"DPP4",18,11,7,0,1
"CCR3",11,5,6,0,1
"PIGR",26,25,1,0,1
"FEZ1",19,6,13,0,1
"MMP2",59,42,17,0,1
"CDC25A",81,78,3,0,1
"CDK9",45,35,10,0,1
"JAK1",68,46,22,0,1
"JAK2",57,32,25,0,1
"CD4",45,33,12,0,1
"PTK2B",41,22,19,0,1
"ITGB2",26,9,17,0,1
"ITGB1",87,57,30,0,1
"CD79A",12,7,5,0,1
"FYN",124,80,44,0,1
"PTPRC",30,20,10,0,1
"CD2",12,8,4,0,1
"CD5",15,12,3,0,1
"LCP2",25,17,8,0,1
"CD244",12,10,2,0,1
"LAT",22,11,11,0,1
"CD247",21,7,14,0,1
"SIVA1",12,10,2,0,1
"TRAF2",91,21,70,0,1
"TRAF3",43,38,5,0,1
"CD28",45,33,12,0,1
"GRAP2",47,41,6,0,1
"PKD2",23,21,2,0,1
"CD3E",18,13,5,0,1
"CTSD",12,9,3,0,1
"YES1",55,49,6,0,1
"ITGAV",44,35,9,0,1
"PTK2",60,39,21,0,1
"UBQLN1",52,45,7,0,1
"IL2",10,8,2,0,1
"ITGA4",20,17,3,0,1
"CD9",5,4,1,0,1
"ITGA3",32,29,3,0,1
"COL4A4",34,27,7,0,1
"MELK",53,52,1,0,1
"SAFB",26,20,6,0,1
"ITSN1",53,44,9,0,1
"KTN1",26,23,3,0,1
"PARD6A",12,6,6,0,1
"PRKCI",29,23,6,0,1
"TNK2",26,25,1,0,1
"CDH2",43,38,5,0,1
"MCM7",57,48,9,0,1
"GATA2",262,20,242,0,1
"SPTBN4",26,21,5,0,1
"PIN1",62,45,17,0,1
"PRKACA",29,13,16,0,1
"CHFR",13,10,3,0,1
"PML",19,13,6,0,1
"RAB1A",50,48,2,0,1
"CHMP1B",31,29,2,0,1
"CHMP2A",12,10,2,0,1
"GPRASP1",18,6,12,0,1
"GRK6",28,23,5,0,1
"CIB1",11,7,4,0,1
"PRMT1",32,20,12,0,1
"TYROBP",6,4,2,0,1
"CLTA",25,24,1,0,1
"HGS",33,17,16,0,1
"LEPR",24,14,10,0,1
"CNKSR1",5,3,2,0,1
"CNKSR2",22,19,3,0,1
"MET",52,33,19,0,1
"GNA15",2,1,1,0,1
"IL6ST",83,80,3,0,1
"MAD1L1",8,6,2,0,1
"TAF9",19,13,6,0,1
"COL3A1",37,33,4,0,1
"COL4A3",29,27,2,0,1
"XRN2",19,15,4,0,1
"MAPK14",94,83,11,0,1
"TRIM37",75,68,7,0,1
"CP",2,1,1,0,1
"POLA2",39,35,4,0,1
"NUDT21",52,42,10,0,1
"WWP1",26,21,5,0,1
"ETS1",313,64,249,0,1
"MAFG",38,36,2,0,1
"NFATC2",38,32,6,0,1
"PROX1",68,55,13,0,1
"SNIP1",51,48,3,0,1
"TCF3",513,23,490,0,1
"UBQLN4",27,19,8,0,1
"FRS2",93,87,6,0,1
"CRKL",138,121,17,0,1
"GAB2",29,27,2,0,1
"CRMP1",23,16,7,0,1
"MAPK8IP2",31,21,10,0,1
"INPP5D",15,8,7,0,1
"SOCS3",38,33,5,0,1
"CSF2RB",19,9,10,0,1
"FES",10,8,2,0,1
"KDR",45,25,20,0,1
"HNRNPK",53,42,11,0,1
"DVL3",35,33,2,0,1
"RNF7",16,14,2,0,1
"GNB5",37,36,1,0,1
"STAU1",43,36,7,0,1
"POLR2B",27,26,1,0,1
"SNRNP70",23,20,3,0,1
"LDB1",41,39,2,0,1
"CTGF",44,42,2,0,1
"NOV",15,10,5,0,1
"PPP2R5A",22,19,3,0,1
"ZFYVE9",42,39,3,0,1
"GP1BA",5,4,1,0,1
"LGALS3",16,13,3,0,1
"CUL9",7,5,2,0,1
"UBE2E2",19,18,1,0,1
"NCF4",6,5,1,0,1
"CYCS",65,63,2,0,1
"FMR1",50,48,2,0,1
"TRIM23",28,25,3,0,1
"DAG1",41,37,4,0,1
"FLNA",57,48,9,0,1
"UPF1",29,24,5,0,1
"RGS2",20,10,10,0,1
"SRRM1",17,13,4,0,1
"GOLM1",26,25,1,0,1
"MYO15A",2,1,1,0,1
"HSPD1",46,42,4,0,1
"DIAPH2",40,39,1,0,1
"DIS3",24,21,3,0,1
"DLGAP4",26,24,2,0,1
"GNG13",6,5,1,0,1
"KCNA2",10,8,2,0,1
"MAPK12",12,6,6,0,1
"NOS1",21,16,5,0,1
"DLG3",25,17,8,0,1
"UBC",28,22,6,0,1
"FLII",12,9,3,0,1
"RPS10",17,15,2,0,1
"FZR1",22,18,4,0,1
"HSPA1B",45,44,1,0,1
"DNMT3B",33,18,15,0,1
"TSC22D1",37,33,4,0,1
"KIAA1279",24,20,4,0,1
"DPPA2",2,1,1,0,1
"DPPA4",7,4,3,0,1
"GIPC1",27,19,8,0,1
"MAPK11",9,8,1,0,1
"DUSP23",12,7,5,0,1
"KIAA1377",30,16,14,0,1
"PNN",29,26,3,0,1
"DYNLL2",76,73,3,0,1
"E2F3",218,109,109,0,1
"E2F6",451,40,411,0,1
"ECH1",11,9,2,0,1
"RHOG",22,19,3,0,1
"EDA",5,4,1,0,1
"EDN3",7,6,1,0,1
"EEF1A1",64,50,14,0,1
"EXOSC4",16,7,9,0,1
"IMMT",16,12,4,0,1
"GADD45G",24,13,11,0,1
"MVD",5,4,1,0,1
"EFNA3",31,30,1,0,1
"EFNA4",7,6,1,0,1
"EFNA5",49,48,1,0,1
"EPHB2",39,31,8,0,1
"PTPN13",28,24,4,0,1
"RGS3",18,15,3,0,1
"EFNB2",52,46,6,0,1
"GRB7",14,9,5,0,1
"SNRPD2",20,12,8,0,1
"SOX10",19,7,12,0,1
"PTGES3",33,32,1,0,1
"EIF4E",61,59,2,0,1
"SRF",252,31,221,0,1
"PAX6",26,24,2,0,1
"HDHD2",11,9,2,0,1
"EPRS",20,18,2,0,1
"SYNCRIP",94,92,2,0,1
"HOOK2",10,8,2,0,1
"FLI1",353,23,330,0,1
"PIK3CB",49,41,8,0,1
"NR0B2",6,4,2,0,1
"PPARGC1A",54,53,1,0,1
"GATA3",435,24,411,0,1
"MAGEA11",8,4,4,0,1
"EXOSC10",24,19,5,0,1
"RAB27A",39,31,8,0,1
"F10",9,8,1,0,1
"SGTA",16,12,4,0,1
"TJP1",57,46,11,0,1
"RAP1A",69,55,14,0,1
"IRAK1",45,27,18,0,1
"TNFRSF1A",34,15,19,0,1
"HDAC6",12,11,1,0,1
"SKP1",31,28,3,0,1
"FCER1G",10,5,5,0,1
"ZAP70",32,4,28,0,1
"FGFR1",43,39,4,0,1
"RPS6KA3",93,84,9,0,1
"VTN",13,4,9,0,1
"FKBP1A",49,48,1,0,1
"RAC1",77,61,16,0,1
"TNIP2",31,29,2,0,1
"VHL",48,42,6,0,1
"FOXA2",203,6,197,0,1
"TAF10",21,12,9,0,1
"FXR2",36,27,9,0,1
"GOPC",32,27,5,0,1
"WNT4",28,27,1,0,1
"GABARAP",22,19,3,0,1
"PRKCG",12,5,7,0,1
"GNAQ",50,37,13,0,1
"IARS",28,27,1,0,1
"GATA1",438,4,434,0,1
"MBD3",459,36,423,0,1
"GBP2",17,11,6,0,1
"MEP1A",2,1,1,0,1
"GDI2",27,26,1,0,1
"GGA1",39,34,5,0,1
"NTRK1",11,3,8,0,1
"RGS19",26,19,7,0,1
"TRPC3",27,20,7,0,1
"GNAI1",33,26,7,0,1
"TUBA4A",17,12,5,0,1
"NUDT18",20,14,6,0,1
"GOLGA2",31,25,6,0,1
"STX6",72,68,4,0,1
"PLEKHF2",40,38,2,0,1
"LRSAM1",17,12,5,0,1
"HDAC3",16,14,2,0,1
"GRASP",9,8,1,0,1
"SDCBP",48,42,6,0,1
"GSK3A",15,14,1,0,1
"HAND2",76,29,47,0,1
"MED25",10,6,4,0,1
"HCST",3,2,1,0,1
"TARBP2",33,30,3,0,1
"HEXDC",5,3,2,0,1
"SMAD7",62,57,5,0,1
"PLAU",18,14,4,0,1
"NMI",17,16,1,0,1
"HIPK2",53,49,4,0,1
"NR1H2",53,12,41,0,1
"MEIS1",48,40,8,0,1
"RHOD",6,2,4,0,1
"HSP90B1",53,49,4,0,1
"HSPA5",40,33,7,0,1
"VDAC1",31,26,5,0,1
"S1PR1",43,40,3,0,1
"HTRA1",18,12,6,0,1
"ICAM3",6,4,2,0,1
"ID3",36,32,4,0,1
"IGF1",81,80,1,0,1
"RANBP10",14,13,1,0,1
"IL12B",6,5,1,0,1
"NDN",20,16,4,0,1
"TICAM2",12,7,5,0,1
"IL21",2,1,1,0,1
"PTPN6",57,15,42,0,1
"ILK",32,23,9,0,1
"LIMS1",54,50,4,0,1
"MRPL44",13,12,1,0,1
"TRAF4",27,23,4,0,1
"IRF3",38,16,22,0,1
"ITGB7",9,3,6,0,1
"ITGB5",26,16,10,0,1
"PCSK5",33,31,2,0,1
"LTB",11,9,2,0,1
"PRKG1",50,37,13,0,1
"POLR3F",27,24,3,0,1
"SPRED1",91,90,1,0,1
"KLRD1",28,27,1,0,1
"LDLR",75,73,2,0,1
"TMPO",47,43,4,0,1
"SHANK1",13,3,10,0,1
"LRPAP1",35,32,3,0,1
"RTN4",51,44,7,0,1
"LSM2",8,3,5,0,1
"LSM4",20,15,5,0,1
"LSM5",15,10,5,0,1
"WIPF1",31,27,4,0,1
"MED12",14,12,2,0,1
"PIK3R2",13,8,5,0,1
"NEUROD1",31,27,4,0,1
"NFE2L1",62,61,1,0,1
"BACH2",95,73,22,0,1
"MBP",18,8,10,0,1
"MAP3K2",100,98,2,0,1
"MAP2K6",35,34,1,0,1
"MAPK13",14,13,1,0,1
"MAP3K5",47,34,13,0,1
"NAIP",4,3,1,0,1
"PHC2",31,27,4,0,1
"MAPK8IP3",38,27,11,0,1
"MARK2",40,39,1,0,1
"TUBB2A",98,95,3,0,1
"POMC",8,7,1,0,1
"SKI",117,111,6,0,1
"MED9",11,9,2,0,1
"MEF2A",80,38,42,0,1
"PPP1R8",16,13,3,0,1
"MEOX2",18,17,1,0,1
"PAX3",29,28,1,0,1
"SCT",2,1,1,0,1
"MINK1",70,67,3,0,1
"MMP14",33,24,9,0,1
"TUBB3",8,5,3,0,1
"TCAP",6,3,3,0,1
"MYBBP1A",15,14,1,0,1
"MYBL2",97,25,72,0,1
"RAB11A",46,43,3,0,1
"NOTCH2",81,71,10,0,1
"TNNT1",11,6,5,0,1
"NR1H3",65,10,55,0,1
"NR1D2",40,38,2,0,1
"PSMD4",12,10,2,0,1
"NLGN3",11,9,2,0,1
"TSC22D4",20,16,4,0,1
"SFPQ",229,60,169,0,1
"NPM1",39,35,4,0,1
"TCOF1",21,20,1,0,1
"RPGR",3,2,1,0,1
"PITX1",13,12,1,0,1
"SYT1",29,25,4,0,1
"STX4",36,30,6,0,1
"NUAK1",45,41,4,0,1
"NUP98",51,45,6,0,1
"PAFAH1B2",90,88,2,0,1
"WT1",30,26,4,0,1
"EBF1",218,33,185,0,1
"PDCD10",30,29,1,0,1
"PDCD6IP",38,27,11,0,1
"RAD50",25,22,3,0,1
"PDGFRB",41,20,21,0,1
"TRIM39",11,10,1,0,1
"PEX5",17,14,3,0,1
"PFN2",69,64,5,0,1
"SCMH1",6,5,1,0,1
"PSMA1",16,10,6,0,1
"PLXNA1",43,40,3,0,1
"PNKP",6,4,2,0,1
"PORCN",9,7,2,0,1
"PPFIA3",26,23,3,0,1
"WBP11",23,18,5,0,1
"SNAP23",41,35,6,0,1
"RGS4",21,19,2,0,1
"PTGDS",6,4,2,0,1
"PTGFR",17,15,2,0,1
"TUBB2B",10,7,3,0,1
"S100A8",10,9,1,0,1
"RAB3A",4,2,2,0,1
"VIPR1",9,8,1,0,1
"RFX1",39,33,6,0,1
"SCARB1",15,14,1,0,1
"SDCBP2",2,1,1,0,1
"SERPING1",26,22,4,0,1
"SMAD5",65,56,9,0,1
"WNT1",19,18,1,0,1
"SIX5",119,35,84,0,1
"SKIL",122,98,24,0,1
"TCEB2",17,11,6,0,1
"USP8",21,19,2,0,1
"STAT4",18,5,13,0,1
"STC2",64,62,2,0,1
"VAMP2",29,25,4,0,1
"TNFSF12",4,3,1,0,1
"TRAF5",17,15,2,0,1
"USP13",24,20,4,0,1
"ZBTB43",61,60,1,0,1
"ZNF417",69,67,2,0,1
"ZNF446",18,17,1,0,1
"GATA6",154,96,58,0,1
"RREB1",96,94,2,0,1
"hsa-miR-130a-5p",934,30,904,0,1
"hsa-miR-142-5p",748,39,709,0,1
"hsa-miR-146a-5p",268,57,211,0,1
"hsa-miR-181a-5p",630,45,585,0,1
"hsa-miR-21-5p",606,83,523,0,1
"hsa-miR-22-5p",772,69,703,0,1
"hsa-miR-29b-2-5p",76,56,20,0,1
"hsa-miR-3648",125,121,4,0,1
"hsa-miR-4503",30,23,7,0,1
"hsa-miR-4524a-5p",67,12,55,0,1
"hsa-miR-663a",100,75,25,0,1
"hsa-miR-6784-5p",42,32,10,0,1
"hsa-miR-6794-5p",81,33,48,0,1
"hsa-miR-8078",12,11,1,0,1
"hsa-miR-95-5p",54,32,22,0,1
