"Name","K","Kin","Kout","TypeI","TypeII","weight","Type"
"PIK3CA",13,6,7,0,1,381,"coding"
"GATA3",23,6,17,0,1,104,"coding"
"LRP2",15,8,7,0,1,39,"coding"
"PTEN",21,15,6,0,1,39,"coding"
"RUNX1",36,16,20,0,1,34,"coding"
"LRP1",25,16,9,0,1,33,"coding"
"MAP2K4",11,4,7,0,1,33,"coding"
"RYR1",4,1,3,0,1,30,"coding"
"ANK2",4,3,1,0,1,29,"coding"
"ANK3",5,3,2,0,1,28,"coding"
"AKAP9",15,12,3,0,1,27,"coding"
"LYST",10,7,3,0,1,27,"coding"
"NOTCH2",19,10,9,0,1,27,"coding"
"FLNA",22,17,5,0,1,24,"coding"
"MED12",4,2,2,0,1,24,"coding"
"RPGR",3,2,1,0,1,24,"coding"
"VCAN",36,27,9,0,1,24,"coding"
"ATM",21,6,15,0,1,23,"coding"
"ERBB2",8,3,5,0,1,23,"coding"
"RB1",81,61,20,0,1,23,"coding"
"LAMA1",13,6,7,0,1,21,"coding"
"ERBB3",7,2,5,0,1,20,"coding"
"FBN1",32,26,6,0,1,20,"coding"
"TAF1",32,5,27,0,1,20,"coding"
"ANK1",7,4,3,0,1,19,"coding"
"BRCA2",8,4,4,0,1,19,"coding"
"GRIN2A",15,9,6,0,1,18,"coding"
"HDAC6",7,6,1,0,1,18,"coding"
"PIK3R1",76,36,40,0,1,18,"coding"
"SF3B1",11,5,6,0,1,18,"coding"
"CHD3",22,15,7,0,1,16,"coding"
"HSPG2",21,16,5,0,1,16,"coding"
"PTPN13",10,6,4,0,1,16,"coding"
"SETDB1",20,15,5,0,1,16,"coding"
"SPTAN1",7,3,4,0,1,16,"coding"
"ATN1",23,11,12,0,1,15,"coding"
"CBLB",22,14,8,0,1,15,"coding"
"CREBBP",81,35,46,0,1,15,"coding"
"DLG1",26,1,25,0,1,15,"coding"
"EP300",108,92,16,0,1,14,"coding"
"EP400",4,2,2,0,1,14,"coding"
"HTT",20,13,7,0,1,14,"coding"
"NUP98",7,1,6,0,1,14,"coding"
"TOPBP1",7,4,3,0,1,14,"coding"
"UBC",8,2,6,0,1,14,"coding"
"ARHGEF12",13,8,5,0,1,13,"coding"
"ATR",8,3,5,0,1,13,"coding"
"CASP8",32,13,19,0,1,13,"coding"
"FN1",63,45,18,0,1,13,"coding"
"MAP3K5",16,7,9,0,1,13,"coding"
"NOS1",5,2,3,0,1,13,"coding"
"PLCB1",6,3,3,0,1,13,"coding"
"ABCA1",19,15,4,0,1,12,"coding"
"GRIN2B",4,1,3,0,1,12,"coding"
"IKBKAP",11,7,4,0,1,12,"coding"
"JAK1",30,11,19,0,1,12,"coding"
"NID1",21,19,2,0,1,12,"coding"
"BACH2",29,25,4,0,1,11,"coding"
"EPRS",6,4,2,0,1,11,"coding"
"GPRASP1",10,3,7,0,1,11,"coding"
"INSR",26,11,15,0,1,11,"coding"
"LTBP1",16,14,2,0,1,11,"coding"
"MAP1B",20,14,6,0,1,11,"coding"
"MYLK",27,23,4,0,1,11,"coding"
"NLGN3",4,2,2,0,1,11,"coding"
"PRKCQ",14,7,7,0,1,11,"coding"
"SMARCA4",16,7,9,0,1,11,"coding"
"XRN1",18,12,6,0,1,11,"coding"
"BMX",6,4,2,0,1,10,"coding"
"COL3A1",19,16,3,0,1,10,"coding"
"COL4A4",10,4,6,0,1,10,"coding"
"HLA-B",8,5,3,0,1,10,"coding"
"MET",21,6,15,0,1,10,"coding"
"PI4KA",2,1,1,0,1,10,"coding"
"PROX1",10,6,4,0,1,10,"coding"
"SH3KBP1",22,17,5,0,1,10,"coding"
"SHANK1",10,1,9,0,1,10,"coding"
"SIN3A",26,22,4,0,1,10,"coding"
"UBR1",16,7,9,0,1,10,"coding"
"APBA1",4,2,2,0,1,9,"coding"
"APP",33,18,15,0,1,9,"coding"
"ATXN1",52,30,22,0,1,9,"coding"
"CASK",15,4,11,0,1,9,"coding"
"CHUK",29,14,15,0,1,9,"coding"
"CUL9",4,2,2,0,1,9,"coding"
"EWSR1",23,11,12,0,1,9,"coding"
"FLII",5,2,3,0,1,9,"coding"
"HLA-C",12,4,8,0,1,9,"coding"
"ITGB2",24,9,15,0,1,9,"coding"
"KIAA1377",23,11,12,0,1,9,"coding"
"NTRK1",8,2,6,0,1,9,"coding"
"PIK3CB",15,9,6,0,1,9,"coding"
"PPFIBP1",14,12,2,0,1,9,"coding"
"PRKCE",19,10,9,0,1,9,"coding"
"RGS3",8,5,3,0,1,9,"coding"
"RPS6KA3",25,17,8,0,1,9,"coding"
"RTN4",5,1,4,0,1,9,"coding"
"USP8",8,6,2,0,1,9,"coding"
"A2M",18,8,10,0,1,8,"coding"
"ACTG1",16,4,12,0,1,8,"coding"
"ARHGEF7",10,6,4,0,1,8,"coding"
"BMPR2",26,15,11,0,1,8,"coding"
"CAPN2",5,2,3,0,1,8,"coding"
"COL1A1",36,25,11,0,1,8,"coding"
"CREB3L3",3,1,2,0,1,8,"coding"
"DLGAP4",6,5,1,0,1,8,"coding"
"EEF1A1",19,9,10,0,1,8,"coding"
"FLAD1",6,2,4,0,1,8,"coding"
"IARS",8,7,1,0,1,8,"coding"
"IRF3",10,5,5,0,1,8,"coding"
"JAK3",20,11,9,0,1,8,"coding"
"KDR",29,9,20,0,1,8,"coding"
"KIT",35,11,24,0,1,8,"coding"
"MAPK8IP3",13,4,9,0,1,8,"coding"
"MCM10",12,6,6,0,1,8,"coding"
"NFE2L1",2,1,1,0,1,8,"coding"
"NOTCH1",15,12,3,0,1,8,"coding"
"NUAK1",10,8,2,0,1,8,"coding"
"PDGFRB",22,6,16,0,1,8,"coding"
"PKP4",4,3,1,0,1,8,"coding"
"PLCG1",37,17,20,0,1,8,"coding"
"PLCG2",32,21,11,0,1,8,"coding"
"PLD1",14,10,4,0,1,8,"coding"
"POLR2B",6,5,1,0,1,8,"coding"
"PRKD2",11,7,4,0,1,8,"coding"
"PTK2",34,16,18,0,1,8,"coding"
"PTPN12",14,13,1,0,1,8,"coding"
"RAD50",6,3,3,0,1,8,"coding"
"RFC1",8,7,1,0,1,8,"coding"
"ROCK1",15,11,4,0,1,8,"coding"
"SOS2",11,7,4,0,1,8,"coding"
"SYNCRIP",12,10,2,0,1,8,"coding"
"TEK",10,4,6,0,1,8,"coding"
"THBS1",34,26,8,0,1,8,"coding"
"TJP1",17,10,7,0,1,8,"coding"
"VPS4B",2,1,1,0,1,8,"coding"
"ACTN4",11,9,2,0,1,7,"coding"
"ADAM15",5,3,2,0,1,7,"coding"
"AXIN1",22,5,17,0,1,7,"coding"
"BCAR1",27,19,8,0,1,7,"coding"
"BTK",37,6,31,0,1,7,"coding"
"CAST",8,5,3,0,1,7,"coding"
"CRMP1",6,3,3,0,1,7,"coding"
"DNM2",15,8,7,0,1,7,"coding"
"DPP4",13,6,7,0,1,7,"coding"
"FEZ1",10,2,8,0,1,7,"coding"
"FMR1",8,6,2,0,1,7,"coding"
"HDAC4",16,13,3,0,1,7,"coding"
"HDAC5",12,9,3,0,1,7,"coding"
"IGF1R",24,11,13,0,1,7,"coding"
"IL16",12,10,2,0,1,7,"coding"
"ITGAV",23,14,9,0,1,7,"coding"
"JAK2",41,18,23,0,1,7,"coding"
"JUP",13,10,3,0,1,7,"coding"
"LEPR",10,1,9,0,1,7,"coding"
"LNX1",11,5,6,0,1,7,"coding"
"MCM7",16,8,8,0,1,7,"coding"
"MEIS1",10,6,4,0,1,7,"coding"
"PHC2",7,3,4,0,1,7,"coding"
"PIGR",3,2,1,0,1,7,"coding"
"PLA2G4A",17,9,8,0,1,7,"coding"
"POLR2A",38,29,9,0,1,7,"coding"
"PPARGC1A",13,12,1,0,1,7,"coding"
"PPFIA1",4,1,3,0,1,7,"coding"
"PRKCB",25,18,7,0,1,7,"coding"
"PTK2B",27,10,17,0,1,7,"coding"
"RFX1",14,9,5,0,1,7,"coding"
"RHOA",12,3,9,0,1,7,"coding"
"ROR2",4,2,2,0,1,7,"coding"
"SPRED1",12,11,1,0,1,7,"coding"
"SPTBN4",10,6,4,0,1,7,"coding"
"TGM2",12,8,4,0,1,7,"coding"
"TP53BP2",12,10,2,0,1,7,"coding"
"TRIM24",13,6,7,0,1,7,"coding"
"WRN",9,6,3,0,1,7,"coding"
"WWP1",6,3,3,0,1,7,"coding"
"ABL2",11,8,3,0,1,6,"coding"
"ACTN1",28,20,8,0,1,6,"coding"
"ADRBK1",13,3,10,0,1,6,"coding"
"AP2A1",14,8,6,0,1,6,"coding"
"AP4M1",3,1,2,0,1,6,"coding"
"ARHGEF11",5,3,2,0,1,6,"coding"
"ARHGEF6",9,4,5,0,1,6,"coding"
"ATF7IP",30,14,16,0,1,6,"coding"
"CCNB1",17,7,10,0,1,6,"coding"
"CCNT1",14,13,1,0,1,6,"coding"
"CLTC",28,16,12,0,1,6,"coding"
"CNKSR1",4,2,2,0,1,6,"coding"
"COL4A3",6,4,2,0,1,6,"coding"
"CSE1L",14,12,2,0,1,6,"coding"
"EBF1",15,10,5,0,1,6,"coding"
"ENAH",15,8,7,0,1,6,"coding"
"FLI1",29,6,23,0,1,6,"coding"
"GNAZ",5,3,2,0,1,6,"coding"
"HGS",27,12,15,0,1,6,"coding"
"HSPA8",24,12,12,0,1,6,"coding"
"HSPD1",12,8,4,0,1,6,"coding"
"KAT2B",26,21,5,0,1,6,"coding"
"LYN",69,34,35,0,1,6,"coding"
"MAPK6",66,38,28,0,1,6,"coding"
"MBIP",7,3,4,0,1,6,"coding"
"MED15",9,8,1,0,1,6,"coding"
"MEF2A",14,9,5,0,1,6,"coding"
"NADSYN1",2,1,1,0,1,6,"coding"
"NCOA2",28,15,13,0,1,6,"coding"
"NEDD4",27,24,3,0,1,6,"coding"
"NEK9",2,1,1,0,1,6,"coding"
"NFKB2",17,8,9,0,1,6,"coding"
"PGR",5,2,3,0,1,6,"coding"
"PIK3CG",13,11,2,0,1,6,"coding"
"PIK3R3",9,6,3,0,1,6,"coding"
"PIP4K2C",7,3,4,0,1,6,"coding"
"POLA2",7,4,3,0,1,6,"coding"
"PPFIA3",5,2,3,0,1,6,"coding"
"PPP3CA",7,2,5,0,1,6,"coding"
"PRKD1",21,16,5,0,1,6,"coding"
"PRKD3",7,5,2,0,1,6,"coding"
"PTPRE",5,1,4,0,1,6,"coding"
"RBL1",24,20,4,0,1,6,"coding"
"RGS4",3,2,1,0,1,6,"coding"
"RIPK1",5,4,1,0,1,6,"coding"
"RUNX1T1",37,21,16,0,1,6,"coding"
"SH3D19",12,11,1,0,1,6,"coding"
"SMURF2",32,17,15,0,1,6,"coding"
"SP1",69,25,44,0,1,6,"coding"
"SRRM1",5,1,4,0,1,6,"coding"
"STAT2",9,5,4,0,1,6,"coding"
"STAU1",12,8,4,0,1,6,"coding"
"SYNGAP1",8,6,2,0,1,6,"coding"
"UBQLN4",6,2,4,0,1,6,"coding"
"USP7",23,20,3,0,1,6,"coding"
"VCL",65,38,27,0,1,6,"coding"
"WAS",21,11,10,0,1,6,"coding"
"WASF1",3,2,1,0,1,6,"coding"
"ABCF3",4,3,1,0,1,5,"coding"
"ACTB",53,33,20,0,1,5,"coding"
"AKT2",9,5,4,0,1,5,"coding"
"ANXA1",14,8,6,0,1,5,"coding"
"BTBD1",4,3,1,0,1,5,"coding"
"BUB1B",3,1,2,0,1,5,"coding"
"CSF1",5,2,3,0,1,5,"coding"
"DAB2",24,17,7,0,1,5,"coding"
"DIS3",6,3,3,0,1,5,"coding"
"E2F1",55,16,39,0,1,5,"coding"
"EGFR",78,37,41,0,1,5,"coding"
"EPB41",21,7,14,0,1,5,"coding"
"ERCC3",5,4,1,0,1,5,"coding"
"GGA1",16,12,4,0,1,5,"coding"
"GOLGA2",9,3,6,0,1,5,"coding"
"HLA-A",8,7,1,0,1,5,"coding"
"HOOK2",8,6,2,0,1,5,"coding"
"HSPA5",9,4,5,0,1,5,"coding"
"ING1",4,2,2,0,1,5,"coding"
"IRAK1",17,2,15,0,1,5,"coding"
"ITGB1",53,26,27,0,1,5,"coding"
"ITGB7",7,2,5,0,1,5,"coding"
"LRSAM1",7,3,4,0,1,5,"coding"
"LUC7L2",18,11,7,0,1,5,"coding"
"MINK1",12,10,2,0,1,5,"coding"
"MMP3",9,7,2,0,1,5,"coding"
"MYBBP1A",3,2,1,0,1,5,"coding"
"NCOA1",47,26,21,0,1,5,"coding"
"NFKB1",24,9,15,0,1,5,"coding"
"PKD2",8,6,2,0,1,5,"coding"
"PNN",6,3,3,0,1,5,"coding"
"PORCN",3,1,2,0,1,5,"coding"
"PRKG1",23,13,10,0,1,5,"coding"
"PRPF40A",43,29,14,0,1,5,"coding"
"PTGDS",5,3,2,0,1,5,"coding"
"RGS12",6,2,4,0,1,5,"coding"
"RNF19A",10,3,7,0,1,5,"coding"
"SOX10",11,3,8,0,1,5,"coding"
"SYK",41,12,29,0,1,5,"coding"
"TOP1",12,10,2,0,1,5,"coding"
"TRIM28",12,10,2,0,1,5,"coding"
"TRIM37",20,13,7,0,1,5,"coding"
"TRPC3",9,3,6,0,1,5,"coding"
"ZNF417",4,2,2,0,1,5,"coding"
"AP2B1",13,6,7,0,1,4,"coding"
"AP2M1",5,3,2,0,1,4,"coding"
"ARNT",18,7,11,0,1,4,"coding"
"BICD2",7,5,2,0,1,4,"coding"
"BUB1",9,5,4,0,1,4,"coding"
"CAMK2A",12,9,3,0,1,4,"coding"
"CANX",14,5,9,0,1,4,"coding"
"CAV1",54,31,23,0,1,4,"coding"
"CBL",54,29,25,0,1,4,"coding"
"CCR1",7,5,2,0,1,4,"coding"
"CD2",11,7,4,0,1,4,"coding"
"CD244",3,1,2,0,1,4,"coding"
"CD4",29,14,15,0,1,4,"coding"
"COL4A3BP",4,3,1,0,1,4,"coding"
"CSNK1A1",14,6,8,0,1,4,"coding"
"DCTN1",7,5,2,0,1,4,"coding"
"DNAJC3",9,6,3,0,1,4,"coding"
"ETS1",41,13,28,0,1,4,"coding"
"FGFR3",20,8,12,0,1,4,"coding"
"GIT1",23,14,9,0,1,4,"coding"
"GNA11",10,5,5,0,1,4,"coding"
"GRB7",6,2,4,0,1,4,"coding"
"GRM5",18,9,9,0,1,4,"coding"
"HAND2",12,4,8,0,1,4,"coding"
"HIF1A",44,17,27,0,1,4,"coding"
"HIPK3",24,18,6,0,1,4,"coding"
"IL1RL1",4,1,3,0,1,4,"coding"
"IMMT",5,2,3,0,1,4,"coding"
"INHBA",9,5,4,0,1,4,"coding"
"INPP5D",13,6,7,0,1,4,"coding"
"ITCH",5,3,2,0,1,4,"coding"
"ITGB5",13,4,9,0,1,4,"coding"
"KPNA2",11,10,1,0,1,4,"coding"
"KPNB1",34,22,12,0,1,4,"coding"
"MAD1L1",8,6,2,0,1,4,"coding"
"MAGEA11",4,1,3,0,1,4,"coding"
"MAP3K7",26,19,7,0,1,4,"coding"
"MED1",16,10,6,0,1,4,"coding"
"MEGF10",4,3,1,0,1,4,"coding"
"MEOX2",2,1,1,0,1,4,"coding"
"MMP14",16,7,9,0,1,4,"coding"
"MMP2",35,18,17,0,1,4,"coding"
"NCDN",4,3,1,0,1,4,"coding"
"NCF4",5,4,1,0,1,4,"coding"
"NFATC2",10,5,5,0,1,4,"coding"
"PAX3",6,5,1,0,1,4,"coding"
"PDCD6IP",15,4,11,0,1,4,"coding"
"PDLIM7",7,3,4,0,1,4,"coding"
"PKN1",14,11,3,0,1,4,"coding"
"PLAU",10,6,4,0,1,4,"coding"
"PRKACA",9,2,7,0,1,4,"coding"
"PRKCA",70,27,43,0,1,4,"coding"
"RAF1",15,7,8,0,1,4,"coding"
"REL",15,8,7,0,1,4,"coding"
"RPS6KA5",16,11,5,0,1,4,"coding"
"SAFB",17,11,6,0,1,4,"coding"
"SCMH1",2,1,1,0,1,4,"coding"
"SFPQ",7,3,4,0,1,4,"coding"
"SH3GL1",16,10,6,0,1,4,"coding"
"SHC1",27,14,13,0,1,4,"coding"
"SIAH1",9,7,2,0,1,4,"coding"
"SMAD3",24,9,15,0,1,4,"coding"
"TCF3",28,5,23,0,1,4,"coding"
"TGFBR1",77,41,36,0,1,4,"coding"
"TGFBR2",38,27,11,0,1,4,"coding"
"TMPO",8,4,4,0,1,4,"coding"
"TNFRSF1A",23,10,13,0,1,4,"coding"
"TRAF3",7,5,2,0,1,4,"coding"
"TRAF6",36,12,24,0,1,4,"coding"
"TRIM23",7,4,3,0,1,4,"coding"
"TRIM39",2,1,1,0,1,4,"coding"
"TTF2",10,3,7,0,1,4,"coding"
"U2AF2",14,11,3,0,1,4,"coding"
"UBE3A",22,17,5,0,1,4,"coding"
"WBP11",3,1,2,0,1,4,"coding"
"WT1",8,5,3,0,1,4,"coding"
"XRN2",8,6,2,0,1,4,"coding"
"ZFYVE9",10,7,3,0,1,4,"coding"
"ADAM10",12,10,2,0,1,3,"coding"
"ASF1A",6,5,1,0,1,3,"coding"
"B2M",15,12,3,0,1,3,"coding"
"BCL3",6,1,5,0,1,3,"coding"
"BIRC2",15,4,11,0,1,3,"coding"
"CD3E",10,7,3,0,1,3,"coding"
"CD5",15,12,3,0,1,3,"coding"
"CD8A",10,4,6,0,1,3,"coding"
"CDC37",32,27,5,0,1,3,"coding"
"CHMP2A",3,1,2,0,1,3,"coding"
"COIL",22,18,4,0,1,3,"coding"
"COPS6",40,25,15,0,1,3,"coding"
"CSNK2A1",45,29,16,0,1,3,"coding"
"CTGF",16,14,2,0,1,3,"coding"
"CTNNB1",54,39,15,0,1,3,"coding"
"DEK",3,1,2,0,1,3,"coding"
"DLG3",6,1,5,0,1,3,"coding"
"E2F3",15,8,7,0,1,3,"coding"
"EFEMP2",12,9,3,0,1,3,"coding"
"EIF2AK2",27,13,14,0,1,3,"coding"
"ERG",20,3,17,0,1,3,"coding"
"FBLN1",8,5,3,0,1,3,"coding"
"FES",7,5,2,0,1,3,"coding"
"FGFR1",8,5,3,0,1,3,"coding"
"GNAI2",13,7,6,0,1,3,"coding"
"GOPC",9,4,5,0,1,3,"coding"
"GP1BA",3,2,1,0,1,3,"coding"
"GRK6",13,8,5,0,1,3,"coding"
"HEXDC",3,1,2,0,1,3,"coding"
"HSP90AA1",21,7,14,0,1,3,"coding"
"ICAM3",4,2,2,0,1,3,"coding"
"ILK",12,5,7,0,1,3,"coding"
"KCNA3",4,2,2,0,1,3,"coding"
"KCNJ10",4,3,1,0,1,3,"coding"
"KIAA1279",5,1,4,0,1,3,"coding"
"LCP2",24,16,8,0,1,3,"coding"
"LGALS3",8,6,2,0,1,3,"coding"
"MAP3K2",17,15,2,0,1,3,"coding"
"MAPK8",41,34,7,0,1,3,"coding"
"MBD3",33,7,26,0,1,3,"coding"
"MDM2",9,6,3,0,1,3,"coding"
"MELK",15,14,1,0,1,3,"coding"
"MITF",25,13,12,0,1,3,"coding"
"NR3C1",44,7,37,0,1,3,"coding"
"NRF1",10,5,5,0,1,3,"coding"
"PCYT2",4,3,1,0,1,3,"coding"
"PDCD10",4,3,1,0,1,3,"coding"
"PICK1",13,3,10,0,1,3,"coding"
"PITX1",2,1,1,0,1,3,"coding"
"PML",8,4,4,0,1,3,"coding"
"PPP2CA",14,9,5,0,1,3,"coding"
"PRKAR2A",19,14,5,0,1,3,"coding"
"PSEN1",13,5,8,0,1,3,"coding"
"PSMD4",7,5,2,0,1,3,"coding"
"PTGES3",4,3,1,0,1,3,"coding"
"RAB11A",6,4,2,0,1,3,"coding"
"RAD23A",11,7,4,0,1,3,"coding"
"RBP1",4,2,2,0,1,3,"coding"
"RCC1",12,9,3,0,1,3,"coding"
"RINT1",5,3,2,0,1,3,"coding"
"SH3GL2",7,5,2,0,1,3,"coding"
"SLC9A3R1",13,5,8,0,1,3,"coding"
"STRN4",13,8,5,0,1,3,"coding"
"STX4",10,4,6,0,1,3,"coding"
"SUMO1",11,9,2,0,1,3,"coding"
"TNNT1",9,5,4,0,1,3,"coding"
"TRAF4",8,4,4,0,1,3,"coding"
"TRAF5",2,1,1,0,1,3,"coding"
"TRIP6",12,7,5,0,1,3,"coding"
"TUBB2B",3,1,2,0,1,3,"coding"
"UPF1",6,2,4,0,1,3,"coding"
"VTN",13,4,9,0,1,3,"coding"
"XAB2",7,3,4,0,1,3,"coding"
"XRCC5",20,14,6,0,1,3,"coding"
"YWHAZ",61,24,37,0,1,3,"coding"
"ZAP70",26,3,23,0,1,3,"coding"
"ZBTB43",2,1,1,0,1,3,"coding"
"AKT1",36,17,19,0,1,2,"coding"
"ANXA7",33,23,10,0,1,2,"coding"
"APPBP2",7,6,1,0,1,2,"coding"
"ARIH2",10,9,1,0,1,2,"coding"
"ARNTL",12,3,9,0,1,2,"coding"
"ARRB2",14,8,6,0,1,2,"coding"
"BAIAP2",11,6,5,0,1,2,"coding"
"BCL11A",5,3,2,0,1,2,"coding"
"BIN1",11,6,5,0,1,2,"coding"
"BMI1",7,4,3,0,1,2,"coding"
"BMP4",4,2,2,0,1,2,"coding"
"C11orf58",5,2,3,0,1,2,"coding"
"CALCOCO2",13,8,5,0,1,2,"coding"
"CALR",9,3,6,0,1,2,"coding"
"CBX1",4,2,2,0,1,2,"coding"
"CCR3",9,4,5,0,1,2,"coding"
"CD226",8,5,3,0,1,2,"coding"
"CD28",14,2,12,0,1,2,"coding"
"CD2AP",16,13,3,0,1,2,"coding"
"CD9",2,1,1,0,1,2,"coding"
"CDH2",16,12,4,0,1,2,"coding"
"CDK2",44,38,6,0,1,2,"coding"
"CDK5",23,18,5,0,1,2,"coding"
"DAG1",7,3,4,0,1,2,"coding"
"DNAJA1",4,3,1,0,1,2,"coding"
"DPPA4",4,2,2,0,1,2,"coding"
"E2F6",20,2,18,0,1,2,"coding"
"EFNB2",7,3,4,0,1,2,"coding"
"EMD",10,7,3,0,1,2,"coding"
"EXOSC5",12,11,1,0,1,2,"coding"
"F2RL2",5,2,3,0,1,2,"coding"
"GABPB1",17,12,5,0,1,2,"coding"
"GBP2",6,2,4,0,1,2,"coding"
"GDI2",3,2,1,0,1,2,"coding"
"GNA12",7,3,4,0,1,2,"coding"
"GNAI1",6,2,4,0,1,2,"coding"
"GNAO1",4,1,3,0,1,2,"coding"
"GNB1",4,1,3,0,1,2,"coding"
"GNB5",5,4,1,0,1,2,"coding"
"GRAP2",18,12,6,0,1,2,"coding"
"GRASP",2,1,1,0,1,2,"coding"
"GRK5",12,8,4,0,1,2,"coding"
"GSK3B",64,30,34,0,1,2,"coding"
"GSN",9,4,5,0,1,2,"coding"
"GTF2H1",10,7,3,0,1,2,"coding"
"HNRNPK",19,10,9,0,1,2,"coding"
"HRAS",38,18,20,0,1,2,"coding"
"IFNGR1",8,2,6,0,1,2,"coding"
"IGSF21",7,5,2,0,1,2,"coding"
"IL12B",3,2,1,0,1,2,"coding"
"IL21",2,1,1,0,1,2,"coding"
"IL2RG",10,8,2,0,1,2,"coding"
"KCNA2",6,4,2,0,1,2,"coding"
"KLF4",9,6,3,0,1,2,"coding"
"LCK",58,31,27,0,1,2,"coding"
"LILRB2",10,4,6,0,1,2,"coding"
"LSM5",9,6,3,0,1,2,"coding"
"MAP2K7",14,9,5,0,1,2,"coding"
"MAPK14",37,27,10,0,1,2,"coding"
"MAPK3",27,21,6,0,1,2,"coding"
"MAPK8IP2",15,6,9,0,1,2,"coding"
"MMP1",10,7,3,0,1,2,"coding"
"NAGK",9,2,7,0,1,2,"coding"
"NCK1",41,8,33,0,1,2,"coding"
"NCKIPSD",13,11,2,0,1,2,"coding"
"NFIC",7,4,3,0,1,2,"coding"
"NMI",11,10,1,0,1,2,"coding"
"NOL12",5,4,1,0,1,2,"coding"
"NOV",9,4,5,0,1,2,"coding"
"NR0B2",4,2,2,0,1,2,"coding"
"NR1H3",9,6,3,0,1,2,"coding"
"NRAS",7,5,2,0,1,2,"coding"
"NUDT21",19,10,9,0,1,2,"coding"
"PAK2",18,11,7,0,1,2,"coding"
"PARD6B",7,3,4,0,1,2,"coding"
"PDPK1",35,25,10,0,1,2,"coding"
"PLEKHF2",10,8,2,0,1,2,"coding"
"PLK1",31,14,17,0,1,2,"coding"
"PPP1R8",3,1,2,0,1,2,"coding"
"PPP2CB",5,4,1,0,1,2,"coding"
"PPP2R1A",12,8,4,0,1,2,"coding"
"PRKCZ",31,15,16,0,1,2,"coding"
"PSMA1",7,2,5,0,1,2,"coding"
"PSMC5",15,13,2,0,1,2,"coding"
"PTPN6",48,9,39,0,1,2,"coding"
"RAB10",6,5,1,0,1,2,"coding"
"RAB1A",14,12,2,0,1,2,"coding"
"RAB3A",3,1,2,0,1,2,"coding"
"RABAC1",19,11,8,0,1,2,"coding"
"RALGDS",5,3,2,0,1,2,"coding"
"RAP1A",16,4,12,0,1,2,"coding"
"RASA1",35,18,17,0,1,2,"coding"
"RUNX3",20,3,17,0,1,2,"coding"
"SDC3",7,1,6,0,1,2,"coding"
"SMAD5",15,6,9,0,1,2,"coding"
"SNAP23",12,6,6,0,1,2,"coding"
"SNRPD2",14,6,8,0,1,2,"coding"
"STK11",16,11,5,0,1,2,"coding"
"TAF1C",6,3,3,0,1,2,"coding"
"TAF9",10,5,5,0,1,2,"coding"
"TGFB1",18,7,11,0,1,2,"coding"
"TICAM2",6,2,4,0,1,2,"coding"
"TRAF1",26,15,11,0,1,2,"coding"
"TUBA1B",10,6,4,0,1,2,"coding"
"TUBG1",7,3,4,0,1,2,"coding"
"UBE2A",5,2,3,0,1,2,"coding"
"UBQLN1",18,11,7,0,1,2,"coding"
"UBQLN2",7,5,2,0,1,2,"coding"
"VIM",34,24,10,0,1,2,"coding"
"YES1",16,10,6,0,1,2,"coding"
"YWHAB",56,36,20,0,1,2,"coding"
"ADM",6,4,2,0,1,1,"coding"
"AIP",6,5,1,0,1,1,"coding"
"AKAP10",11,6,5,0,1,1,"coding"
"ARHGDIA",19,17,2,0,1,1,"coding"
"ARL5A",8,6,2,0,1,1,"coding"
"ARRB1",9,4,5,0,1,1,"coding"
"ASGR1",5,3,2,0,1,1,"coding"
"ATP5C1",6,4,2,0,1,1,"coding"
"ATXN1L",24,16,8,0,1,1,"coding"
"BAD",19,10,9,0,1,1,"coding"
"BCL2A1",5,3,2,0,1,1,"coding"
"BCL2L1",9,4,5,0,1,1,"coding"
"BLNK",14,9,5,0,1,1,"coding"
"C8orf33",12,9,3,0,1,1,"coding"
"CASP3",56,24,32,0,1,1,"coding"
"CCDC90B",7,5,2,0,1,1,"coding"
"CCL19",3,1,2,0,1,1,"coding"
"CCR5",19,12,7,0,1,1,"coding"
"CDC20",12,8,4,0,1,1,"coding"
"CDC34",13,11,2,0,1,1,"coding"
"CDK4",17,9,8,0,1,1,"coding"
"CDKN1A",10,6,4,0,1,1,"coding"
"CFL1",12,8,4,0,1,1,"coding"
"CHFR",3,1,2,0,1,1,"coding"
"CRK",50,29,21,0,1,1,"coding"
"CSNK2A2",5,3,2,0,1,1,"coding"
"CTSD",6,3,3,0,1,1,"coding"
"CTSG",8,5,3,0,1,1,"coding"
"DIABLO",9,6,3,0,1,1,"coding"
"DLG4",18,6,12,0,1,1,"coding"
"DVL3",3,1,2,0,1,1,"coding"
"ECH1",5,3,2,0,1,1,"coding"
"EDN3",2,1,1,0,1,1,"coding"
"EEF1G",19,5,14,0,1,1,"coding"
"EXOSC4",16,7,9,0,1,1,"coding"
"EZR",6,4,2,0,1,1,"coding"
"FHL3",10,9,1,0,1,1,"coding"
"GAPDH",26,9,17,0,1,1,"coding"
"GIPC1",12,5,7,0,1,1,"coding"
"GNA13",19,9,10,0,1,1,"coding"
"GNAQ",9,3,6,0,1,1,"coding"
"GNB2",13,8,5,0,1,1,"coding"
"GOLM1",3,2,1,0,1,1,"coding"
"GPS1",12,5,7,0,1,1,"coding"
"HCK",34,25,9,0,1,1,"coding"
"HDAC3",6,5,1,0,1,1,"coding"
"HMOX2",11,6,5,0,1,1,"coding"
"IFNAR2",10,6,4,0,1,1,"coding"
"IGFBP3",12,6,6,0,1,1,"coding"
"IGFBP4",2,1,1,0,1,1,"coding"
"IGFBP7",6,5,1,0,1,1,"coding"
"KPNA1",14,13,1,0,1,1,"coding"
"KRT15",13,11,2,0,1,1,"coding"
"KRTAP4-12",3,1,2,0,1,1,"coding"
"LAT",20,10,10,0,1,1,"coding"
"LDB1",7,6,1,0,1,1,"coding"
"LIMS1",12,8,4,0,1,1,"coding"
"MAF",14,12,2,0,1,1,"coding"
"MAPK1",82,57,25,0,1,1,"coding"
"MLLT3",4,2,2,0,1,1,"coding"
"MPHOSPH6",2,1,1,0,1,1,"coding"
"MPP6",7,6,1,0,1,1,"coding"
"MYC",30,13,17,0,1,1,"coding"
"MYD88",16,9,7,0,1,1,"coding"
"NFYB",18,7,11,0,1,1,"coding"
"NOL3",8,4,4,0,1,1,"coding"
"NR5A1",2,1,1,0,1,1,"coding"
"NUDT18",13,7,6,0,1,1,"coding"
"PEBP1",12,10,2,0,1,1,"coding"
"PEX5",4,2,2,0,1,1,"coding"
"PFDN1",12,7,5,0,1,1,"coding"
"POLR3F",4,2,2,0,1,1,"coding"
"PPP2R5A",7,5,2,0,1,1,"coding"
"PRKCI",20,14,6,0,1,1,"coding"
"PSTPIP1",5,4,1,0,1,1,"coding"
"PTGFR",4,2,2,0,1,1,"coding"
"PTN",12,5,7,0,1,1,"coding"
"PTPN11",50,20,30,0,1,1,"coding"
"RAB27A",10,4,6,0,1,1,"coding"
"RAN",17,11,6,0,1,1,"coding"
"RANBP9",7,3,4,0,1,1,"coding"
"RAP2A",11,6,5,0,1,1,"coding"
"RBBP4",24,17,7,0,1,1,"coding"
"RGS10",3,2,1,0,1,1,"coding"
"RPP14",6,4,2,0,1,1,"coding"
"RPS10",8,6,2,0,1,1,"coding"
"RYBP",16,13,3,0,1,1,"coding"
"S100A6",3,2,1,0,1,1,"coding"
"S1PR1",8,5,3,0,1,1,"coding"
"SH3GL3",5,2,3,0,1,1,"coding"
"SKI",10,5,5,0,1,1,"coding"
"SMAD1",47,13,34,0,1,1,"coding"
"SMAD7",9,5,4,0,1,1,"coding"
"SNCA",19,8,11,0,1,1,"coding"
"SRC",50,25,25,0,1,1,"coding"
"SRF",20,7,13,0,1,1,"coding"
"STX8",3,2,1,0,1,1,"coding"
"TK1",60,39,21,0,1,1,"coding"
"TNK2",11,10,1,0,1,1,"coding"
"TOM1L1",7,3,4,0,1,1,"coding"
"TRAF2",77,11,66,0,1,1,"coding"
"TRIM5",3,1,2,0,1,1,"coding"
"TUBA4A",6,2,4,0,1,1,"coding"
"UBE2I",39,30,9,0,1,1,"coding"
"UNC119",25,11,14,0,1,1,"coding"
"VAMP2",6,3,3,0,1,1,"coding"
"VDAC1",5,1,4,0,1,1,"coding"
"WNT4",3,2,1,0,1,1,"coding"
"YAP1",25,22,3,0,1,1,"coding"
"YWHAG",127,94,33,0,1,1,"coding"
"ZNF512B",18,10,8,0,1,1,"coding"
"ACP1",4,3,1,0,1,NA,"coding"
"ACVR1",40,23,17,0,1,NA,"coding"
"APOE",10,2,8,0,1,NA,"coding"
"ARF3",3,2,1,0,1,NA,"coding"
"ARL4D",7,6,1,0,1,NA,"coding"
"ARPC3",4,3,1,0,1,NA,"coding"
"ATP5J2",7,5,2,0,1,NA,"coding"
"BCL2",14,11,3,0,1,NA,"coding"
"C14orf1",9,7,2,0,1,NA,"coding"
"CALM1",8,6,2,0,1,NA,"coding"
"CAPNS1",8,4,4,0,1,NA,"coding"
"CCDC85B",60,48,12,0,1,NA,"coding"
"CCL3",6,5,1,0,1,NA,"coding"
"CD247",18,5,13,0,1,NA,"coding"
"CD79A",9,5,4,0,1,NA,"coding"
"CDC42",37,18,19,0,1,NA,"coding"
"CDK9",16,7,9,0,1,NA,"coding"
"CEBPA",22,6,16,0,1,NA,"coding"
"CEBPG",4,1,3,0,1,NA,"coding"
"CHMP1B",3,1,2,0,1,NA,"coding"
"CIB1",8,4,4,0,1,NA,"coding"
"CNOT7",3,2,1,0,1,NA,"coding"
"CSK",20,13,7,0,1,NA,"coding"
"CSNK2B",45,16,29,0,1,NA,"coding"
"CXCL13",4,3,1,0,1,NA,"coding"
"DAZAP2",11,8,3,0,1,NA,"coding"
"DCP1A",10,8,2,0,1,NA,"coding"
"DHFR",2,1,1,0,1,NA,"coding"
"DUSP23",11,6,5,0,1,NA,"coding"
"DVL2",13,6,7,0,1,NA,"coding"
"DYNLL1",19,11,8,0,1,NA,"coding"
"DYNLL2",9,6,3,0,1,NA,"coding"
"E2F2",12,8,4,0,1,NA,"coding"
"EIF4E",11,9,2,0,1,NA,"coding"
"EIF4EBP1",10,8,2,0,1,NA,"coding"
"FCER1G",7,3,4,0,1,NA,"coding"
"FGF1",10,8,2,0,1,NA,"coding"
"FOXA2",20,2,18,0,1,NA,"coding"
"FYN",82,41,41,0,1,NA,"coding"
"GABARAPL2",5,4,1,0,1,NA,"coding"
"GADD45G",18,8,10,0,1,NA,"coding"
"GATA6",2,1,1,0,1,NA,"coding"
"GNA15",2,1,1,0,1,NA,"coding"
"GNG13",3,2,1,0,1,NA,"coding"
"GRB2",40,16,24,0,1,NA,"coding"
"H2AFX",15,10,5,0,1,NA,"coding"
"HSPA1A",24,14,10,0,1,NA,"coding"
"HSPA1B",3,2,1,0,1,NA,"coding"
"IGF1",17,16,1,0,1,NA,"coding"
"IL2",8,6,2,0,1,NA,"coding"
"KCTD13",4,1,3,0,1,NA,"coding"
"LSM2",8,3,5,0,1,NA,"coding"
"LTB",7,5,2,0,1,NA,"coding"
"MAFG",5,3,2,0,1,NA,"coding"
"MAP1LC3B",13,9,4,0,1,NA,"coding"
"MAPK11",6,5,1,0,1,NA,"coding"
"MDFI",8,5,3,0,1,NA,"coding"
"MED31",14,11,3,0,1,NA,"coding"
"MED9",6,4,2,0,1,NA,"coding"
"MVD",4,3,1,0,1,NA,"coding"
"NME1",8,5,3,0,1,NA,"coding"
"NME3",5,3,2,0,1,NA,"coding"
"NPM1",5,2,3,0,1,NA,"coding"
"PCNA",25,21,4,0,1,NA,"coding"
"PFN1",12,7,5,0,1,NA,"coding"
"PFN2",4,1,3,0,1,NA,"coding"
"PIN1",39,23,16,0,1,NA,"coding"
"PLSCR1",18,7,11,0,1,NA,"coding"
"POMC",2,1,1,0,1,NA,"coding"
"PPIA",7,5,2,0,1,NA,"coding"
"PPP1CA",19,12,7,0,1,NA,"coding"
"PPP1CC",10,8,2,0,1,NA,"coding"
"PRMT1",23,13,10,0,1,NA,"coding"
"PXN",16,6,10,0,1,NA,"coding"
"RAB5A",17,2,15,0,1,NA,"coding"
"RAB5B",5,1,4,0,1,NA,"coding"
"RAC1",17,3,14,0,1,NA,"coding"
"RAP1GAP",6,5,1,0,1,NA,"coding"
"RASSF1",8,4,4,0,1,NA,"coding"
"RASSF8",2,1,1,0,1,NA,"coding"
"RBL2",18,14,4,0,1,NA,"coding"
"RGS19",13,6,7,0,1,NA,"coding"
"RGS2",7,3,4,0,1,NA,"coding"
"RHOG",6,4,2,0,1,NA,"coding"
"RING1",10,7,3,0,1,NA,"coding"
"RNF11",40,23,17,0,1,NA,"coding"
"RNF4",7,6,1,0,1,NA,"coding"
"RPL6",3,2,1,0,1,NA,"coding"
"RPLP1",17,10,7,0,1,NA,"coding"
"SDCBP",17,11,6,0,1,NA,"coding"
"SGTA",7,3,4,0,1,NA,"coding"
"SLC9A3R2",11,3,8,0,1,NA,"coding"
"SMN1",24,7,17,0,1,NA,"coding"
"SNIP1",22,19,3,0,1,NA,"coding"
"SOCS1",25,16,9,0,1,NA,"coding"
"SSSCA1",6,5,1,0,1,NA,"coding"
"SUMO2",7,5,2,0,1,NA,"coding"
"SYNJ2BP",6,2,4,0,1,NA,"coding"
"TAF10",15,7,8,0,1,NA,"coding"
"TCAP",5,2,3,0,1,NA,"coding"
"TNFRSF14",12,8,4,0,1,NA,"coding"
"TNFSF11",16,11,5,0,1,NA,"coding"
"TNFSF12",3,2,1,0,1,NA,"coding"
"TYROBP",6,4,2,0,1,NA,"coding"
"UBE2E2",6,5,1,0,1,NA,"coding"
"VBP1",3,2,1,0,1,NA,"coding"
"VHL",12,7,5,0,1,NA,"coding"
"YWHAH",10,9,1,0,1,NA,"coding"
"YWHAQ",30,19,11,0,1,NA,"coding"
