"Name","K","Kin","Kout","TypeI","TypeII"
"ANXA7",65,49,16,0,1
"A2M",16,4,12,0,1
"ATF7IP",91,68,23,0,1
"H2AFX",56,48,8,0,1
"HMOX2",24,14,10,0,1
"NUDT21",59,49,10,0,1
"RPP14",57,56,1,0,1
"TK1",77,52,25,0,1
"MAP1LC3B",44,39,5,0,1
"RB1",129,106,23,0,1
"CSNK2A1",151,126,25,0,1
"FADD",26,20,6,0,1
"MPP6",39,32,7,0,1
"HAX1",14,11,3,0,1
"RDX",46,41,5,0,1
"ABCF3",34,33,1,0,1
"ABL1",90,57,33,0,1
"EPS8",52,43,9,0,1
"NCK2",32,25,7,0,1
"SOS1",72,53,19,0,1
"SOS2",38,33,5,0,1
"SPTAN1",23,17,6,0,1
"BCAR1",30,23,7,0,1
"CAV1",82,57,25,0,1
"CDK5",28,21,7,0,1
"CRK",154,126,28,0,1
"POLR2A",67,57,10,0,1
"PRKD1",34,29,5,0,1
"PSTPIP1",10,9,1,0,1
"XRCC6",68,61,7,0,1
"YWHAB",90,69,21,0,1
"YWHAG",197,157,40,0,1
"HOOK2",11,9,2,0,1
"KRT15",14,13,1,0,1
"ATXN1",159,132,27,0,1
"FBLN1",12,9,3,0,1
"USP7",37,33,4,0,1
"ACE",4,3,1,0,1
"COMT",10,9,1,0,1
"ACIN1",32,31,1,0,1
"PPP2CB",26,24,2,0,1
"GSN",37,33,4,0,1
"ACTB",84,70,14,0,1
"CFL1",33,27,6,0,1
"EMD",28,25,3,0,1
"FHL3",18,17,1,0,1
"DYNLL1",39,29,10,0,1
"FHOD1",15,14,1,0,1
"MAPK6",137,103,34,0,1
"PDPK1",93,81,12,0,1
"PIP4K2C",38,33,5,0,1
"RPS6KA5",75,69,6,0,1
"VASP",27,23,4,0,1
"ACTN1",42,33,9,0,1
"MED14",37,34,3,0,1
"PKN1",19,16,3,0,1
"DISC1",38,36,2,0,1
"ACTN4",54,46,8,0,1
"CHD3",32,24,8,0,1
"CDC42",71,51,20,0,1
"ACVR1",74,53,21,0,1
"AP2B1",56,47,9,0,1
"RAB25",14,13,1,0,1
"RAP2A",37,30,7,0,1
"RPS27A",34,29,5,0,1
"ACVR1B",59,54,5,0,1
"SNX1",57,52,5,0,1
"ACVR2A",58,55,3,0,1
"TGFB1",39,29,10,0,1
"TGFBR2",102,90,12,0,1
"ADAM10",44,42,2,0,1
"SH3D19",54,51,3,0,1
"TGFA",36,35,1,0,1
"ADAM17",48,43,5,0,1
"NOTCH1",50,43,7,0,1
"TNFSF11",12,7,5,0,1
"PRKCD",41,30,11,0,1
"FN1",72,58,14,0,1
"PRKCA",122,64,58,0,1
"RAF1",65,46,19,0,1
"ADCYAP1",30,29,1,0,1
"MME",29,25,4,0,1
"CALM1",94,85,9,0,1
"APPL1",49,43,6,0,1
"EDN1",37,34,3,0,1
"SLC9A3R2",34,27,7,0,1
"FLNC",24,20,4,0,1
"RGS2",19,11,8,0,1
"GNAI1",36,27,9,0,1
"DLG4",37,23,14,0,1
"GPRASP1",24,11,13,0,1
"GRB2",72,51,21,0,1
"GRK5",19,14,5,0,1
"SLC9A3R1",22,13,9,0,1
"GIT1",33,27,6,0,1
"MAPK3",37,28,9,0,1
"GTF2E1",25,24,1,0,1
"PRKCE",37,28,9,0,1
"PRKCZ",41,20,21,0,1
"SRC",46,29,17,0,1
"ATXN1L",90,80,10,0,1
"AFF1",65,57,8,0,1
"CCNT1",58,57,1,0,1
"UBE3A",61,56,5,0,1
"SMN1",37,17,20,0,1
"PIK3R1",133,84,49,0,1
"CCDC85B",75,62,13,0,1
"BRD7",32,29,3,0,1
"ERBB3",34,27,7,0,1
"GNAI2",50,43,7,0,1
"CDKN2A",33,32,1,0,1
"ARNT",63,30,33,0,1
"EP300",160,141,19,0,1
"NCOA1",100,66,34,0,1
"NCOA2",68,54,14,0,1
"AIP",19,18,1,0,1
"PPP1CA",35,29,6,0,1
"PRKAR2A",61,56,5,0,1
"PRKAR1A",64,48,16,0,1
"GSK3B",139,99,40,0,1
"YWHAZ",172,132,40,0,1
"IQGAP1",42,35,7,0,1
"AKAP8L",13,9,4,0,1
"KPNB1",89,77,12,0,1
"PRPF40A",82,65,17,0,1
"AKAP9",32,29,3,0,1
"AKT1",51,45,6,0,1
"BCL2A1",7,5,2,0,1
"HSP90AA1",107,87,20,0,1
"XRN1",62,56,6,0,1
"IRS1",71,56,15,0,1
"PTN",28,13,15,0,1
"RASA1",74,53,21,0,1
"AMPH",3,2,1,0,1
"CSNK2B",77,33,44,0,1
"TEK",16,9,7,0,1
"ANK3",35,33,2,0,1
"ANKRD11",28,26,2,0,1
"HDAC4",55,52,3,0,1
"LRP2",21,14,7,0,1
"COPS6",63,42,21,0,1
"GAPDH",64,49,15,0,1
"UNC119",36,14,22,0,1
"MED31",20,17,3,0,1
"RBBP4",71,62,9,0,1
"VIM",76,61,15,0,1
"AP1M1",32,26,6,0,1
"AP2A1",26,22,4,0,1
"SMURF1",70,69,1,0,1
"AP2M1",31,27,4,0,1
"MEGF10",11,8,3,0,1
"AP3B1",46,42,4,0,1
"CLTC",98,85,13,0,1
"CSNK1A1",89,79,10,0,1
"ARF1",77,70,7,0,1
"CASP3",97,59,38,0,1
"APP",119,93,26,0,1
"HDAC1",49,38,11,0,1
"UBE2I",72,60,12,0,1
"APOA1",12,7,5,0,1
"MAPT",38,34,4,0,1
"APOH",13,11,2,0,1
"PLG",9,8,1,0,1
"APPBP2",53,51,2,0,1
"NID1",37,35,2,0,1
"PSEN1",50,34,16,0,1
"PSEN2",14,10,4,0,1
"SNCA",16,8,8,0,1
"TP53BP2",29,26,3,0,1
"PIK3CA",63,51,12,0,1
"AR",686,81,605,0,1
"CDC37",45,40,5,0,1
"CREBBP",307,89,218,0,1
"FOXO1",318,67,251,0,1
"GTF2H1",37,31,6,0,1
"KAT2B",60,52,8,0,1
"MED1",53,48,5,0,1
"NCOA3",117,103,14,0,1
"NCOR1",110,44,66,0,1
"NCOR2",84,50,34,0,1
"NFKB1",203,29,174,0,1
"PIAS2",35,31,4,0,1
"RNF4",41,40,1,0,1
"SMAD1",192,30,162,0,1
"SMAD3",152,44,108,0,1
"SUMO1",78,74,4,0,1
"TRIM24",46,38,8,0,1
"EEF1G",34,15,19,0,1
"ARF6",70,64,6,0,1
"ARRB2",39,29,10,0,1
"TUBA4A",13,9,4,0,1
"SMURF2",83,63,20,0,1
"ARHGEF11",19,14,5,0,1
"GNA13",77,63,14,0,1
"ARHGEF12",46,41,5,0,1
"CD44",43,35,8,0,1
"IGF1R",159,137,22,0,1
"ARHGEF18",21,20,1,0,1
"RHOA",50,45,5,0,1
"ARHGEF2",32,31,1,0,1
"CBLB",55,47,8,0,1
"SMARCE1",37,32,5,0,1
"SIN3A",74,68,6,0,1
"UBE2L3",19,17,2,0,1
"TUBB2B",18,12,6,0,1
"UBR1",39,28,11,0,1
"ARL4D",29,28,1,0,1
"ATP5J2",16,13,3,0,1
"WAS",22,11,11,0,1
"PRMT1",32,22,10,0,1
"MAPK1",199,175,24,0,1
"CHUK",48,32,16,0,1
"HIPK3",92,86,6,0,1
"MED8",36,32,4,0,1
"BIN1",18,13,5,0,1
"H3F3A",21,20,1,0,1
"ASGR1",22,19,3,0,1
"ASIP",3,2,1,0,1
"F11R",32,27,5,0,1
"CREB1",457,99,358,0,1
"GABPB1",99,95,4,0,1
"SPI1",413,20,393,0,1
"DDIT3",18,12,6,0,1
"CDC34",24,22,2,0,1
"LUC7L2",63,55,8,0,1
"POLR2C",17,13,4,0,1
"ATG12",38,35,3,0,1
"MDFI",43,39,4,0,1
"GABARAPL2",7,6,1,0,1
"MDM2",174,163,11,0,1
"RBBP8",30,25,5,0,1
"TOPBP1",33,29,4,0,1
"WRN",43,40,3,0,1
"XRCC5",47,41,6,0,1
"ATN1",53,33,20,0,1
"EWSR1",40,23,17,0,1
"LYST",21,18,3,0,1
"SUMO2",42,38,4,0,1
"BCL2",85,73,12,0,1
"RASSF1",22,15,7,0,1
"ATP5C1",20,18,2,0,1
"PSME3",70,65,5,0,1
"ATR",18,12,6,0,1
"CDK6",116,110,6,0,1
"DAZAP2",81,76,5,0,1
"FAM46A",57,53,4,0,1
"TRIM32",18,17,1,0,1
"COIL",51,45,6,0,1
"ATXN3",90,84,6,0,1
"PSMD7",25,23,2,0,1
"RAD23A",18,15,3,0,1
"RNF11",110,90,20,0,1
"CDC20",21,17,4,0,1
"CDC25B",36,35,1,0,1
"NME1",25,22,3,0,1
"PPP1CC",69,67,2,0,1
"CTNNB1",112,91,21,0,1
"DAB2",48,38,10,0,1
"DVL2",27,18,9,0,1
"JUP",20,17,3,0,1
"PPP2CA",90,78,12,0,1
"SH3GL1",31,23,8,0,1
"CBL",97,72,25,0,1
"PIK3R3",52,50,2,0,1
"B2M",32,30,2,0,1
"CD1B",2,1,1,0,1
"VCL",119,90,29,0,1
"BAD",21,10,11,0,1
"BCL2L1",50,47,3,0,1
"MAPK8",112,104,8,0,1
"YWHAQ",74,61,13,0,1
"HSPA1A",41,33,8,0,1
"BAIAP2",16,10,6,0,1
"C14orf1",31,28,3,0,1
"DIAPH1",54,52,2,0,1
"VDAC1",25,21,4,0,1
"MAP3K7",68,60,8,0,1
"CASP8",63,40,23,0,1
"CD2AP",76,72,4,0,1
"TRIP6",23,16,7,0,1
"IKBKG",61,55,6,0,1
"CDK2",70,63,7,0,1
"MAPK14",92,83,9,0,1
"PIN1",64,45,19,0,1
"NFKB2",79,12,67,0,1
"IGSF21",11,7,4,0,1
"GNA11",25,21,4,0,1
"PTPN11",93,50,43,0,1
"BDNF",36,33,3,0,1
"CPE",54,51,3,0,1
"RBL1",55,50,5,0,1
"NEK9",69,68,1,0,1
"BIRC2",29,18,11,0,1
"CASP7",26,18,8,0,1
"DIABLO",25,22,3,0,1
"UBB",51,37,14,0,1
"BLNK",15,12,3,0,1
"PHC1",30,28,2,0,1
"RING1",13,10,3,0,1
"RNF2",49,45,4,0,1
"COL1A1",62,49,13,0,1
"COL7A1",12,9,3,0,1
"HSPG2",30,25,5,0,1
"LAMA3",15,14,1,0,1
"BMPR2",86,73,13,0,1
"BNIP3L",38,33,5,0,1
"GNB5",18,16,2,0,1
"RINT1",12,10,2,0,1
"MAP2K1",48,38,10,0,1
"BRCA2",16,12,4,0,1
"KPNA1",66,63,3,0,1
"NFYA",213,52,161,0,1
"RBL2",39,35,4,0,1
"BRMS1",10,6,4,0,1
"PDLIM7",12,10,2,0,1
"EGFR",138,88,50,0,1
"BTK",32,7,25,0,1
"FAS",47,25,22,0,1
"HCK",39,26,13,0,1
"LYN",96,58,38,0,1
"MYD88",29,22,7,0,1
"PLCG2",70,57,13,0,1
"PRKCB",46,38,8,0,1
"PRKCQ",13,7,6,0,1
"SYK",58,33,25,0,1
"SKP1",45,42,3,0,1
"BUB1",34,29,5,0,1
"PLK1",46,32,14,0,1
"EHMT2",15,14,1,0,1
"C11orf58",33,28,5,0,1
"KIAA1377",32,13,19,0,1
"SF3B1",55,50,5,0,1
"TSNAX",20,18,2,0,1
"C3",43,36,7,0,1
"CTSG",9,5,4,0,1
"LRP1",41,34,7,0,1
"C8orf33",35,30,5,0,1
"FEZ1",15,7,8,0,1
"IMMT",35,22,13,0,1
"CSNK2A2",40,33,7,0,1
"CACHD1",26,24,2,0,1
"CACNA1C",52,51,1,0,1
"SIAH2",23,21,2,0,1
"DMD",52,47,5,0,1
"CALCOCO2",51,45,6,0,1
"MCM10",28,21,7,0,1
"CCNE1",28,27,1,0,1
"MYLK",70,65,5,0,1
"RYR1",5,3,2,0,1
"YWHAE",95,88,7,0,1
"LCK",69,36,33,0,1
"TRAF6",74,40,34,0,1
"PLCB2",5,3,2,0,1
"KCNA3",7,5,2,0,1
"CANX",88,78,10,0,1
"CAPNS1",32,26,6,0,1
"CAPRIN1",72,71,1,0,1
"TRAF1",61,50,11,0,1
"CASK",64,51,13,0,1
"PRKD2",31,27,4,0,1
"PLA2G4A",38,32,6,0,1
"CASP2",44,35,9,0,1
"CFLAR",28,18,10,0,1
"DSP",31,29,2,0,1
"EEF1A1",57,47,10,0,1
"EIF2AK2",57,46,11,0,1
"HTT",52,42,10,0,1
"IL16",14,12,2,0,1
"TOP1",26,23,3,0,1
"KRT18",31,22,9,0,1
"EFEMP2",15,13,2,0,1
"CSK",35,28,7,0,1
"HRAS",51,31,20,0,1
"INSR",77,50,27,0,1
"PTEN",108,102,6,0,1
"TGFBR1",115,72,43,0,1
"ITCH",28,25,3,0,1
"KHDRBS1",31,25,6,0,1
"PSMC1",13,9,4,0,1
"SPRY2",32,29,3,0,1
"SH3GL3",9,2,7,0,1
"TRIM28",48,45,3,0,1
"MPP3",7,6,1,0,1
"CCR5",41,32,9,0,1
"MMP1",8,6,2,0,1
"VCAM1",37,34,3,0,1
"CCL19",5,2,3,0,1
"CXCL13",6,5,1,0,1
"CCL21",6,3,3,0,1
"CTSD",18,13,5,0,1
"GOT2",25,22,3,0,1
"DPP4",8,5,3,0,1
"CCR3",12,7,5,0,1
"CDC25A",53,51,2,0,1
"CDC25C",11,7,4,0,1
"PCNA",43,37,6,0,1
"CDK8",28,27,1,0,1
"CDK9",38,28,10,0,1
"JAK1",67,37,30,0,1
"JAK2",53,26,27,0,1
"CD4",44,33,11,0,1
"CXCR4",19,13,6,0,1
"PTK2B",25,15,10,0,1
"SOD1",8,7,1,0,1
"VHL",43,37,6,0,1
"ITGB2",23,10,13,0,1
"TLR2",13,8,5,0,1
"ITGB1",92,61,31,0,1
"CD79A",12,7,5,0,1
"FYN",117,76,41,0,1
"PTPRC",32,20,12,0,1
"CD2",12,8,4,0,1
"CD5",14,11,3,0,1
"CD244",10,8,2,0,1
"LAT",20,9,11,0,1
"CD247",21,6,15,0,1
"JAK3",33,19,14,0,1
"SHC1",39,28,11,0,1
"TRAF2",90,24,66,0,1
"CD28",34,24,10,0,1
"GRAP2",46,38,8,0,1
"PIK3CG",26,22,4,0,1
"PLCG1",73,51,22,0,1
"CD36",16,8,8,0,1
"COL1A2",53,45,8,0,1
"THBS1",93,85,8,0,1
"YES1",67,62,5,0,1
"CD3E",16,12,4,0,1
"ITGAV",38,30,8,0,1
"PTK2",61,35,26,0,1
"SIRPA",38,33,5,0,1
"UBQLN1",49,41,8,0,1
"CD48",11,7,4,0,1
"CD59",44,43,1,0,1
"CTLA4",9,8,1,0,1
"CD81",29,25,4,0,1
"KIT",57,36,21,0,1
"COL4A1",53,48,5,0,1
"SAFB",24,18,6,0,1
"PRKCI",30,25,5,0,1
"RBPMS",24,22,2,0,1
"CTDSP1",26,24,2,0,1
"CTNND1",72,69,3,0,1
"PTPRF",62,58,4,0,1
"CDH2",35,33,2,0,1
"SMARCC1",50,39,11,0,1
"CUL9",9,8,1,0,1
"SPTBN4",21,17,4,0,1
"NR5A2",29,24,5,0,1
"NEK2",10,7,3,0,1
"CETP",3,2,1,0,1
"DAXX",25,18,7,0,1
"PRKG1",49,37,12,0,1
"SNAP23",45,38,7,0,1
"CGN",12,9,3,0,1
"PML",19,13,6,0,1
"CHM",14,13,1,0,1
"CHMP1B",42,40,2,0,1
"CHMP2A",10,8,2,0,1
"CHMP4B",27,24,3,0,1
"GPRASP2",19,7,12,0,1
"GRK6",22,18,4,0,1
"GZMB",8,1,7,0,1
"HSP90AB1",46,43,3,0,1
"TANK",21,17,4,0,1
"CIB1",11,8,3,0,1
"RAC3",12,10,2,0,1
"PIP5K1B",7,5,2,0,1
"SUMO4",14,3,11,0,1
"CLSTN1",50,49,1,0,1
"MCM3AP",21,19,2,0,1
"HGS",36,20,16,0,1
"LEPR",23,12,11,0,1
"RABAC1",56,44,12,0,1
"PNN",38,33,5,0,1
"CNKSR1",6,4,2,0,1
"CNOT2",50,49,1,0,1
"CNOT7",45,42,3,0,1
"MET",55,37,18,0,1
"IL6ST",85,83,2,0,1
"PTPRB",29,26,3,0,1
"CNTNAP2",21,20,1,0,1
"TAF9",18,11,7,0,1
"SPARC",44,41,3,0,1
"PPL",32,31,1,0,1
"COL2A1",13,8,5,0,1
"COL3A1",34,31,3,0,1
"COL4A3BP",50,49,1,0,1
"HSPA8",85,72,13,0,1
"XRN2",22,19,3,0,1
"COPB1",29,24,5,0,1
"TRIM37",47,42,5,0,1
"MCF2",10,7,3,0,1
"GPS1",19,13,6,0,1
"COPS7A",13,10,3,0,1
"CORT",2,1,1,0,1
"POLA2",41,38,3,0,1
"CPNE1",26,25,1,0,1
"NFIL3",16,15,1,0,1
"EBF1",312,33,279,0,1
"ETS1",400,66,334,0,1
"HDAC3",26,19,7,0,1
"MAFG",40,36,4,0,1
"NCOA6",40,33,7,0,1
"PROX1",58,47,11,0,1
"SNIP1",58,55,3,0,1
"IRS2",46,38,8,0,1
"MAP4K1",11,7,4,0,1
"PXN",57,31,26,0,1
"CRKL",108,87,21,0,1
"HMGB1",90,88,2,0,1
"PER1",60,56,4,0,1
"CSF1",22,21,1,0,1
"INPP5D",13,5,8,0,1
"SOCS1",40,29,11,0,1
"CSF2",2,1,1,0,1
"CSF2RB",21,9,12,0,1
"RPSA",13,9,4,0,1
"GNB2L1",39,35,4,0,1
"HNRNPK",52,42,10,0,1
"CSNK1G2",17,16,1,0,1
"ITSN1",51,43,8,0,1
"CSTF2",53,51,2,0,1
"CTBP2",31,29,2,0,1
"SNRNP70",19,16,3,0,1
"CTGF",42,40,2,0,1
"NOV",14,11,3,0,1
"PPP2R5A",21,19,2,0,1
"ZFYVE9",68,59,9,0,1
"FGFR3",25,15,10,0,1
"NCF4",5,4,1,0,1
"FMR1",38,36,2,0,1
"TRIM23",34,32,2,0,1
"ITGB3",48,33,15,0,1
"ITGB5",24,16,8,0,1
"DAG1",41,36,5,0,1
"MCM3",32,26,6,0,1
"FBN1",70,66,4,0,1
"FLNA",54,43,11,0,1
"TRIM39",13,12,1,0,1
"EIF3E",19,13,6,0,1
"SRRM1",12,9,3,0,1
"MYO15A",2,1,1,0,1
"HSPD1",46,39,7,0,1
"DIAPH2",47,46,1,0,1
"UBQLN4",47,33,14,0,1
"DLG1",50,19,31,0,1
"GRIN2B",59,52,7,0,1
"DLG2",36,22,14,0,1
"NOS1",28,21,7,0,1
"PFN1",60,49,11,0,1
"DYNLL2",74,71,3,0,1
"DLST",17,16,1,0,1
"FLII",18,16,2,0,1
"SOX10",24,9,15,0,1
"FZR1",18,15,3,0,1
"USP8",29,27,2,0,1
"DNMT3A",121,46,75,0,1
"RAC1",90,74,16,0,1
"KIAA1279",23,19,4,0,1
"FAP",8,7,1,0,1
"GIPC1",37,29,8,0,1
"DUSP23",14,9,5,0,1
"DYNC1I1",24,17,7,0,1
"PARD3",45,38,7,0,1
"DYRK1B",36,32,4,0,1
"MBP",25,8,17,0,1
"E2F3",148,73,75,0,1
"TFDP1",34,31,3,0,1
"E2F6",349,35,314,0,1
"RHOG",20,16,4,0,1
"MVD",5,4,1,0,1
"EFNA4",4,3,1,0,1
"MAP2K4",43,37,6,0,1
"PTPN13",32,26,6,0,1
"HOMER1",45,38,7,0,1
"SDCBP",42,38,4,0,1
"SNRPD2",15,7,8,0,1
"SOX8",8,6,2,0,1
"GADD45G",22,15,7,0,1
"ELN",21,19,2,0,1
"SIGIRR",9,7,2,0,1
"ING4",10,8,2,0,1
"NUMA1",13,12,1,0,1
"EPHB2",37,33,4,0,1
"GRAP",10,7,3,0,1
"TNFRSF1A",30,14,16,0,1
"PKP4",27,25,2,0,1
"PTK6",21,19,2,0,1
"ERCC3",11,9,2,0,1
"FLI1",449,23,426,0,1
"PSMC5",26,24,2,0,1
"ESR2",70,41,29,0,1
"UPF2",32,22,10,0,1
"EXOSC2",73,70,3,0,1
"EXOSC4",14,5,9,0,1
"RAB27A",37,30,7,0,1
"SGTA",13,7,6,0,1
"TJP1",47,36,11,0,1
"F2",28,19,9,0,1
"KNG1",11,3,8,0,1
"F2R",40,35,5,0,1
"RAP1A",54,44,10,0,1
"FCER1G",10,5,5,0,1
"FCGR1A",6,2,4,0,1
"ZAP70",31,4,27,0,1
"RPS6KA3",96,86,10,0,1
"FGFR1",34,32,2,0,1
"FIGF",6,4,2,0,1
"FKBP1A",55,54,1,0,1
"SYNJ1",25,18,7,0,1
"NR1H3",79,12,67,0,1
"TAF10",21,11,10,0,1
"FXR2",43,35,8,0,1
"SLC35E1",30,29,1,0,1
"GOPC",34,26,8,0,1
"LRP6",64,60,4,0,1
"SFRP1",21,20,1,0,1
"RYK",33,31,2,0,1
"MAP3K3",56,53,3,0,1
"GABARAP",24,18,6,0,1
"PPP3CA",39,32,7,0,1
"GNAQ",65,48,17,0,1
"IARS",26,25,1,0,1
"GATA2",206,15,191,0,1
"MBD3",401,35,366,0,1
"NMI",11,10,1,0,1
"S100A1",4,3,1,0,1
"GNB1",51,45,6,0,1
"GNA15",4,3,1,0,1
"RGS4",20,18,2,0,1
"GNAI3",45,35,10,0,1
"GNAS",43,39,4,0,1
"NUDT18",17,11,6,0,1
"GOLGA2",33,24,9,0,1
"GOLGA4",39,37,2,0,1
"STX6",59,57,2,0,1
"IGF2",49,46,3,0,1
"STUB1",17,5,12,0,1
"PICK1",10,3,7,0,1
"PRSS23",26,22,4,0,1
"LMNB1",66,58,8,0,1
"HAND2",96,35,61,0,1
"HEXDC",6,3,3,0,1
"SMAD7",47,34,13,0,1
"SNAP25",51,47,4,0,1
"HIPK2",51,46,5,0,1
"IRF1",286,37,249,0,1
"HMGXB4",50,48,2,0,1
"NR1H2",67,11,56,0,1
"MEIS1",49,41,8,0,1
"HOXB7",7,4,3,0,1
"HOXC8",61,60,1,0,1
"SMAD6",27,25,2,0,1
"IKBKE",13,11,2,0,1
"HSPA1B",47,45,2,0,1
"HSPA5",61,50,11,0,1
"HSPB1",9,7,2,0,1
"LAPTM5",14,13,1,0,1
"IL2RG",9,6,3,0,1
"ICAM3",7,5,2,0,1
"ID3",34,32,2,0,1
"IDH3B",9,8,1,0,1
"IFNAR1",51,44,7,0,1
"IFNGR2",24,22,2,0,1
"IGF1",89,88,1,0,1
"IGFBP5",92,88,4,0,1
"IL4R",13,8,5,0,1
"KCND1",18,17,1,0,1
"IL18",8,5,3,0,1
"IL1RAP",37,29,8,0,1
"IL21",2,1,1,0,1
"PTPN6",64,16,48,0,1
"ILK",36,27,9,0,1
"LIMS1",46,42,4,0,1
"IRAK1",55,34,21,0,1
"TRAF4",29,25,4,0,1
"IRF3",29,14,15,0,1
"IRF4",108,38,70,0,1
"SERBP1",101,99,2,0,1
"TLN1",66,57,9,0,1
"ITGB7",6,3,3,0,1
"MYOC",7,2,5,0,1
"LTB",14,12,2,0,1
"PRMT5",11,8,3,0,1
"KCNA2",7,6,1,0,1
"RAN",82,74,8,0,1
"ZBTB16",88,57,31,0,1
"KISS1",2,1,1,0,1
"KITLG",30,29,1,0,1
"KLRD1",28,27,1,0,1
"TYROBP",5,3,2,0,1
"LAMA2",5,4,1,0,1
"LDLR",87,82,5,0,1
"TMPO",40,36,4,0,1
"SHANK1",8,3,5,0,1
"SHANK2",35,32,3,0,1
"LSM4",23,18,5,0,1
"LSM5",20,16,4,0,1
"LSM2",7,2,5,0,1
"LTA",3,2,1,0,1
"TNFRSF14",17,9,8,0,1
"TRAF3",46,39,7,0,1
"MED12",15,13,2,0,1
"MAD2L1",19,15,4,0,1
"PDX1",15,1,14,0,1
"MARK4",17,14,3,0,1
"MAP3K2",90,87,3,0,1
"PPP2R1A",35,29,6,0,1
"MAPK8IP3",31,25,6,0,1
"TTF2",44,37,7,0,1
"ZNF512B",75,66,9,0,1
"MED9",10,8,2,0,1
"MED17",41,40,1,0,1
"MEF2A",69,39,30,0,1
"SCT",2,1,1,0,1
"RANBP9",33,27,6,0,1
"TUBA1B",37,34,3,0,1
"RAB11A",58,55,3,0,1
"NAGK",33,25,8,0,1
"TNNT1",11,5,6,0,1
"NBR1",31,29,2,0,1
"NCF2",6,4,2,0,1
"WASL",63,54,9,0,1
"RORB",76,72,4,0,1
"NR1D2",42,40,2,0,1
"NR1D1",9,7,2,0,1
"PHYHIP",28,24,4,0,1
"PSMD4",10,8,2,0,1
"NFASC",39,38,1,0,1
"SMPD1",18,15,3,0,1
"SFPQ",166,59,107,0,1
"NPPA",2,1,1,0,1
"VDR",132,40,92,0,1
"SMARCD1",65,62,3,0,1
"SYT7",48,45,3,0,1
"STX4",51,45,6,0,1
"NUAK1",38,33,5,0,1
"NUDT3",63,58,5,0,1
"PIM1",18,16,2,0,1
"NUP98",48,42,6,0,1
"RANBP2",79,69,10,0,1
"OSGEP",8,2,6,0,1
"TNNI3",7,4,3,0,1
"PNMA1",10,9,1,0,1
"PDCD10",44,43,1,0,1
"PDCD6IP",31,22,9,0,1
"RAD50",27,23,4,0,1
"PDGFRB",44,21,23,0,1
"PIK3R5",7,6,1,0,1
"TUBG1",25,22,3,0,1
"PLA2G10",4,3,1,0,1
"PLAU",13,10,3,0,1
"TRPC3",37,31,6,0,1
"POLR3F",25,23,2,0,1
"WBP11",31,25,6,0,1
"PTGFR",18,16,2,0,1
"RFX1",28,25,3,0,1
"RFX2",13,12,1,0,1
"RFX3",32,30,2,0,1
"RFX4",5,4,1,0,1
"SYT1",26,25,1,0,1
"UBE2L6",6,4,2,0,1
"THRA",69,64,5,0,1
"WNT1",16,15,1,0,1
"SERPING1",19,16,3,0,1
"UBA1",31,29,2,0,1
"SMAD5",80,71,9,0,1
"SIX5",150,42,108,0,1
"SOX5",60,58,2,0,1
"TGIF1",42,39,3,0,1
"SMG5",21,20,1,0,1
"SMG7",38,37,1,0,1
"STX11",11,8,3,0,1
"SOX6",46,45,1,0,1
"SPTBN2",35,33,2,0,1
"SSTR2",10,9,1,0,1
"TFRC",75,72,3,0,1
"TGFB2",40,38,2,0,1
"UBD",18,17,1,0,1
"TRAP1",23,20,3,0,1
"TNFSF8",10,9,1,0,1
"NFATC3",56,51,5,0,1
"ZBTB43",70,69,1,0,1
"ZNF417",56,54,2,0,1
"EMX2",42,41,1,0,1
"JARID2",139,65,74,0,1
"ZKSCAN1",66,60,6,0,1
"ZNF83",53,31,22,0,1
"hsa-miR-130a-5p",614,28,586,0,1
"hsa-miR-135a-5p",196,7,189,0,1
"hsa-miR-141-5p",480,49,431,0,1
"hsa-miR-142-5p",628,41,587,0,1
"hsa-miR-145-5p",553,51,502,0,1
"hsa-miR-181a-5p",986,59,927,0,1
"hsa-miR-18a-5p",505,56,449,0,1
"hsa-miR-196b-5p",335,28,307,0,1
"hsa-miR-21-5p",729,107,622,0,1
"hsa-miR-215-5p",145,16,129,0,1
"hsa-miR-22-5p",642,63,579,0,1
"hsa-miR-223-5p",189,28,161,0,1
"hsa-miR-24-1-5p",652,43,609,0,1
"hsa-miR-27a-5p",1147,63,1084,0,1
"hsa-miR-338-5p",295,19,276,0,1
"hsa-miR-3614-5p",91,53,38,0,1
"hsa-miR-3648",105,101,4,0,1
"hsa-miR-4473",37,26,11,0,1
"hsa-miR-496",29,10,19,0,1
"hsa-miR-5699-5p",25,2,23,0,1
"hsa-miR-663a",63,44,19,0,1
"hsa-miR-6741-5p",60,27,33,0,1
"hsa-miR-6794-5p",75,32,43,0,1
"hsa-miR-9-5p",648,44,604,0,1
"hsa-miR-96-5p",620,25,595,0,1
