"Name","K","Kin","Kout","TypeI","TypeII","weight","Type"
"PIK3CA",17,7,10,0,1,381,"coding"
"CDH1",13,3,10,0,1,119,"coding"
"DMD",14,9,5,0,1,56,"coding"
"NCOR1",38,19,19,0,1,45,"coding"
"LRP2",14,8,6,0,1,39,"coding"
"PTEN",15,10,5,0,1,39,"coding"
"RUNX1",9,4,5,0,1,34,"coding"
"LRP1",16,11,5,0,1,33,"coding"
"MAP2K4",9,3,6,0,1,33,"coding"
"RYR1",5,3,2,0,1,30,"coding"
"ANK3",9,7,2,0,1,28,"coding"
"AKAP9",12,9,3,0,1,27,"coding"
"LYST",8,5,3,0,1,27,"coding"
"FLNA",20,11,9,0,1,24,"coding"
"MED12",4,2,2,0,1,24,"coding"
"RB1",95,73,22,0,1,23,"coding"
"FLNC",5,2,3,0,1,21,"coding"
"ERBB3",11,4,7,0,1,20,"coding"
"FBN1",10,6,4,0,1,20,"coding"
"BRCA2",9,5,4,0,1,19,"coding"
"PTPRD",13,10,3,0,1,19,"coding"
"PIK3R1",81,34,47,0,1,18,"coding"
"SF3B1",10,5,5,0,1,18,"coding"
"ATXN2",8,5,3,0,1,17,"coding"
"CACNA1C",2,1,1,0,1,17,"coding"
"CTCF",11,4,7,0,1,17,"coding"
"SHANK2",3,1,2,0,1,17,"coding"
"CHD3",12,6,6,0,1,16,"coding"
"GOLGA4",3,1,2,0,1,16,"coding"
"HSPG2",15,10,5,0,1,16,"coding"
"LAMA2",5,4,1,0,1,16,"coding"
"PTPN13",13,7,6,0,1,16,"coding"
"SPTAN1",10,6,4,0,1,16,"coding"
"TLN1",12,4,8,0,1,16,"coding"
"ATN1",27,10,17,0,1,15,"coding"
"CBLB",23,15,8,0,1,15,"coding"
"CREBBP",109,47,62,0,1,15,"coding"
"DLG1",32,4,28,0,1,15,"coding"
"LAMA3",4,3,1,0,1,15,"coding"
"EP300",122,104,18,0,1,14,"coding"
"ERBB4",11,3,8,0,1,14,"coding"
"HTT",21,11,10,0,1,14,"coding"
"NUP98",8,2,6,0,1,14,"coding"
"RANBP2",13,3,10,0,1,14,"coding"
"TOPBP1",8,4,4,0,1,14,"coding"
"ARHGEF12",7,2,5,0,1,13,"coding"
"ATR",11,5,6,0,1,13,"coding"
"CASP8",32,10,22,0,1,13,"coding"
"ERBB2IP",6,4,2,0,1,13,"coding"
"FN1",28,15,13,0,1,13,"coding"
"GNAS",4,1,3,0,1,13,"coding"
"NOS1",13,6,7,0,1,13,"coding"
"PTPRF",11,7,4,0,1,13,"coding"
"COL4A1",12,7,5,0,1,12,"coding"
"COL7A1",7,4,3,0,1,12,"coding"
"HTATSF1",4,2,2,0,1,12,"coding"
"JAK1",32,7,25,0,1,12,"coding"
"MCM3AP",4,2,2,0,1,12,"coding"
"PTPRB",7,5,2,0,1,12,"coding"
"AP3B1",6,3,3,0,1,11,"coding"
"C3",10,3,7,0,1,11,"coding"
"GPRASP1",20,8,12,0,1,11,"coding"
"GPRASP2",11,1,10,0,1,11,"coding"
"INSR",45,18,27,0,1,11,"coding"
"MYLK",19,14,5,0,1,11,"coding"
"NFATC3",5,4,1,0,1,11,"coding"
"NLGN3",3,1,2,0,1,11,"coding"
"PRKCQ",11,6,5,0,1,11,"coding"
"SMARCC2",5,2,3,0,1,11,"coding"
"XRN1",13,7,6,0,1,11,"coding"
"AFF1",5,4,1,0,1,10,"coding"
"BMX",6,5,1,0,1,10,"coding"
"COL1A2",15,7,8,0,1,10,"coding"
"COL3A1",10,7,3,0,1,10,"coding"
"DIAPH2",2,1,1,0,1,10,"coding"
"HIPK2",8,3,5,0,1,10,"coding"
"ITSN1",20,13,7,0,1,10,"coding"
"MAGI2",5,2,3,0,1,10,"coding"
"MAP4K1",11,7,4,0,1,10,"coding"
"MET",19,4,15,0,1,10,"coding"
"PER1",9,5,4,0,1,10,"coding"
"PROX1",10,6,4,0,1,10,"coding"
"SATB1",5,1,4,0,1,10,"coding"
"SHANK1",7,3,4,0,1,10,"coding"
"SIN3A",35,29,6,0,1,10,"coding"
"UBR1",15,4,11,0,1,10,"coding"
"ACVR2A",5,4,1,0,1,9,"coding"
"APP",39,16,23,0,1,9,"coding"
"ATXN1",55,32,23,0,1,9,"coding"
"CASK",14,3,11,0,1,9,"coding"
"CHUK",32,16,16,0,1,9,"coding"
"CUL9",3,2,1,0,1,9,"coding"
"EWSR1",18,5,13,0,1,9,"coding"
"FLII",6,4,2,0,1,9,"coding"
"IL6ST",10,8,2,0,1,9,"coding"
"ITGB2",20,9,11,0,1,9,"coding"
"KIAA1377",28,10,18,0,1,9,"coding"
"NCOA3",18,9,9,0,1,9,"coding"
"NUMA1",3,2,1,0,1,9,"coding"
"PRKCE",17,9,8,0,1,9,"coding"
"SMARCC1",8,4,4,0,1,9,"coding"
"USP8",8,6,2,0,1,9,"coding"
"A2M",14,3,11,0,1,8,"coding"
"ABL1",53,25,28,0,1,8,"coding"
"ACVR1B",6,2,4,0,1,8,"coding"
"ARHGEF7",13,6,7,0,1,8,"coding"
"BMPR2",22,9,13,0,1,8,"coding"
"CACHD1",7,5,2,0,1,8,"coding"
"CDC25C",10,6,4,0,1,8,"coding"
"COL1A1",27,15,12,0,1,8,"coding"
"DLG2",11,2,9,0,1,8,"coding"
"EEF1A1",13,7,6,0,1,8,"coding"
"ELN",7,5,2,0,1,8,"coding"
"IARS",3,2,1,0,1,8,"coding"
"IRF3",6,3,3,0,1,8,"coding"
"JAK3",22,9,13,0,1,8,"coding"
"KDR",31,11,20,0,1,8,"coding"
"MAPK8IP3",11,5,6,0,1,8,"coding"
"MAST2",3,2,1,0,1,8,"coding"
"NCOR2",22,10,12,0,1,8,"coding"
"NOTCH1",21,15,6,0,1,8,"coding"
"NR1H2",18,2,16,0,1,8,"coding"
"NUAK1",6,2,4,0,1,8,"coding"
"PARD3",13,7,6,0,1,8,"coding"
"PDGFRB",29,7,22,0,1,8,"coding"
"PLCG1",31,14,17,0,1,8,"coding"
"PLCG2",32,20,12,0,1,8,"coding"
"PLD1",14,10,4,0,1,8,"coding"
"PPL",4,3,1,0,1,8,"coding"
"PRKD2",13,9,4,0,1,8,"coding"
"PRMT5",6,3,3,0,1,8,"coding"
"PTK2",43,17,26,0,1,8,"coding"
"PTPRC",26,15,11,0,1,8,"coding"
"RAD50",6,2,4,0,1,8,"coding"
"SOS2",15,10,5,0,1,8,"coding"
"SPTBN1",9,4,5,0,1,8,"coding"
"TEK",8,2,6,0,1,8,"coding"
"THBS1",17,9,8,0,1,8,"coding"
"TJP1",16,5,11,0,1,8,"coding"
"TRPC4",6,3,3,0,1,8,"coding"
"UBA1",4,2,2,0,1,8,"coding"
"XPOT",4,2,2,0,1,8,"coding"
"ACTN4",10,4,6,0,1,7,"coding"
"BCAR1",18,11,7,0,1,7,"coding"
"BTK",25,5,20,0,1,7,"coding"
"CHM",4,3,1,0,1,7,"coding"
"CTNND1",13,10,3,0,1,7,"coding"
"DPP4",5,2,3,0,1,7,"coding"
"ETS2",13,7,6,0,1,7,"coding"
"FEZ1",7,3,4,0,1,7,"coding"
"FMR1",7,5,2,0,1,7,"coding"
"IGF1R",33,14,19,0,1,7,"coding"
"IL16",8,6,2,0,1,7,"coding"
"IQGAP1",13,6,7,0,1,7,"coding"
"ITGAV",14,7,7,0,1,7,"coding"
"JAK2",44,19,25,0,1,7,"coding"
"JUP",11,8,3,0,1,7,"coding"
"KCND1",2,1,1,0,1,7,"coding"
"LEPR",10,1,9,0,1,7,"coding"
"LRP6",8,4,4,0,1,7,"coding"
"MEF2C",12,5,7,0,1,7,"coding"
"MEIS1",9,6,3,0,1,7,"coding"
"NCF2",4,2,2,0,1,7,"coding"
"PIAS2",14,10,4,0,1,7,"coding"
"PLA2G4A",15,9,6,0,1,7,"coding"
"PLCB2",3,2,1,0,1,7,"coding"
"POLR2A",39,29,10,0,1,7,"coding"
"PRKCB",17,12,5,0,1,7,"coding"
"PTK2B",17,9,8,0,1,7,"coding"
"RFX1",8,5,3,0,1,7,"coding"
"SMG5",2,1,1,0,1,7,"coding"
"SOX5",7,5,2,0,1,7,"coding"
"TP53BP2",15,12,3,0,1,7,"coding"
"TRIM24",16,9,7,0,1,7,"coding"
"UPF2",13,4,9,0,1,7,"coding"
"WRN",8,5,3,0,1,7,"coding"
"ACTN1",27,18,9,0,1,6,"coding"
"AP2A1",11,7,4,0,1,6,"coding"
"ATF7IP",36,14,22,0,1,6,"coding"
"BLK",3,2,1,0,1,6,"coding"
"CCNT1",10,9,1,0,1,6,"coding"
"CD1B",2,1,1,0,1,6,"coding"
"CEP70",12,8,4,0,1,6,"coding"
"CLTC",30,17,13,0,1,6,"coding"
"CNKSR1",5,3,2,0,1,6,"coding"
"CSE1L",8,6,2,0,1,6,"coding"
"EBF1",7,5,2,0,1,6,"coding"
"EPHB2",8,6,2,0,1,6,"coding"
"FAP",4,3,1,0,1,6,"coding"
"FHOD1",3,2,1,0,1,6,"coding"
"GNB2L1",8,5,3,0,1,6,"coding"
"GSK3A",9,8,1,0,1,6,"coding"
"HGS",28,14,14,0,1,6,"coding"
"HSPA8",14,6,8,0,1,6,"coding"
"HSPD1",8,1,7,0,1,6,"coding"
"IL4R",6,2,4,0,1,6,"coding"
"KAT2B",30,24,6,0,1,6,"coding"
"LYN",61,27,34,0,1,6,"coding"
"MAPK6",67,35,32,0,1,6,"coding"
"MEF2A",6,3,3,0,1,6,"coding"
"NCOA2",24,11,13,0,1,6,"coding"
"NEK9",4,3,1,0,1,6,"coding"
"NFKB2",17,9,8,0,1,6,"coding"
"PIK3CG",12,8,4,0,1,6,"coding"
"PIK3R3",8,6,2,0,1,6,"coding"
"PIK3R5",2,1,1,0,1,6,"coding"
"PIP4K2C",6,2,4,0,1,6,"coding"
"PLAT",5,4,1,0,1,6,"coding"
"POLA2",6,5,1,0,1,6,"coding"
"PPP3CA",9,2,7,0,1,6,"coding"
"PRKAR1A",21,7,14,0,1,6,"coding"
"PRKD1",15,10,5,0,1,6,"coding"
"RBL1",21,17,4,0,1,6,"coding"
"RGS4",5,3,2,0,1,6,"coding"
"SMURF2",33,14,19,0,1,6,"coding"
"SOX6",2,1,1,0,1,6,"coding"
"STUB1",12,2,10,0,1,6,"coding"
"UBQLN4",26,15,11,0,1,6,"coding"
"USP7",25,21,4,0,1,6,"coding"
"VCL",56,28,28,0,1,6,"coding"
"WAS",21,11,10,0,1,6,"coding"
"ABCF3",2,1,1,0,1,5,"coding"
"ACTB",31,18,13,0,1,5,"coding"
"ARHGEF2",2,1,1,0,1,5,"coding"
"CSF1",2,1,1,0,1,5,"coding"
"CSF2RB",17,6,11,0,1,5,"coding"
"DLST",4,3,1,0,1,5,"coding"
"DYNC1I1",14,8,6,0,1,5,"coding"
"EDN1",7,4,3,0,1,5,"coding"
"EGFR",91,42,49,0,1,5,"coding"
"ERCC3",5,3,2,0,1,5,"coding"
"F2R",9,4,5,0,1,5,"coding"
"FXR2",10,4,6,0,1,5,"coding"
"GGA1",5,2,3,0,1,5,"coding"
"GOLGA2",10,1,9,0,1,5,"coding"
"HDAC1",34,26,8,0,1,5,"coding"
"HLA-A",12,6,6,0,1,5,"coding"
"HOOK2",7,5,2,0,1,5,"coding"
"HSPA5",15,4,11,0,1,5,"coding"
"IRAK1",26,8,18,0,1,5,"coding"
"IRS1",32,18,14,0,1,5,"coding"
"ITGB1",48,19,29,0,1,5,"coding"
"ITGB7",6,3,3,0,1,5,"coding"
"LUC7L2",19,12,7,0,1,5,"coding"
"MAP2K1",17,8,9,0,1,5,"coding"
"MINK1",6,3,3,0,1,5,"coding"
"NCOA1",49,28,21,0,1,5,"coding"
"NDC80",6,2,4,0,1,5,"coding"
"NFKB1",26,9,17,0,1,5,"coding"
"PNN",11,6,5,0,1,5,"coding"
"PRKCD",13,6,7,0,1,5,"coding"
"PRKG1",20,8,12,0,1,5,"coding"
"PRPF40A",39,23,16,0,1,5,"coding"
"PSEN2",10,7,3,0,1,5,"coding"
"RAD23B",8,7,1,0,1,5,"coding"
"SOS1",35,16,19,0,1,5,"coding"
"SOX10",12,6,6,0,1,5,"coding"
"STAT3",33,1,32,0,1,5,"coding"
"SYK",32,11,21,0,1,5,"coding"
"TEAD1",10,7,3,0,1,5,"coding"
"TLE2",2,1,1,0,1,5,"coding"
"TOP1",8,6,2,0,1,5,"coding"
"TRIM37",9,5,4,0,1,5,"coding"
"TRPC3",8,2,6,0,1,5,"coding"
"ZNF417",3,1,2,0,1,5,"coding"
"AP1M1",8,3,5,0,1,4,"coding"
"AP2B1",12,4,8,0,1,4,"coding"
"AP2M1",8,4,4,0,1,4,"coding"
"ARNT",18,8,10,0,1,4,"coding"
"BCL6",16,7,9,0,1,4,"coding"
"BRD7",15,12,3,0,1,4,"coding"
"BUB1",7,2,5,0,1,4,"coding"
"CANX",15,6,9,0,1,4,"coding"
"CAV1",51,29,22,0,1,4,"coding"
"CBL",46,23,23,0,1,4,"coding"
"CD2",12,8,4,0,1,4,"coding"
"CD244",4,2,2,0,1,4,"coding"
"CD4",23,10,13,0,1,4,"coding"
"COL2A1",9,4,5,0,1,4,"coding"
"COL4A3BP",4,3,1,0,1,4,"coding"
"CSNK1A1",22,12,10,0,1,4,"coding"
"DNAJC3",3,2,1,0,1,4,"coding"
"ETS1",24,10,14,0,1,4,"coding"
"FAM46A",8,4,4,0,1,4,"coding"
"FGFR3",11,3,8,0,1,4,"coding"
"FZD6",4,3,1,0,1,4,"coding"
"GABBR2",3,2,1,0,1,4,"coding"
"GIT1",13,8,5,0,1,4,"coding"
"GNA11",10,6,4,0,1,4,"coding"
"HAND2",6,3,3,0,1,4,"coding"
"HIPK3",17,11,6,0,1,4,"coding"
"IMMT",12,2,10,0,1,4,"coding"
"INPP5D",11,4,7,0,1,4,"coding"
"ITCH",7,4,3,0,1,4,"coding"
"KHSRP",3,1,2,0,1,4,"coding"
"KNG1",8,2,6,0,1,4,"coding"
"KPNB1",31,20,11,0,1,4,"coding"
"KRT18",21,12,9,0,1,4,"coding"
"MAGEA11",2,1,1,0,1,4,"coding"
"MAP3K7",32,24,8,0,1,4,"coding"
"MCM3",9,3,6,0,1,4,"coding"
"MED1",13,9,4,0,1,4,"coding"
"MEGF10",10,8,2,0,1,4,"coding"
"MMP14",14,4,10,0,1,4,"coding"
"MMP2",23,7,16,0,1,4,"coding"
"MPP3",2,1,1,0,1,4,"coding"
"NCF4",4,3,1,0,1,4,"coding"
"NSF",10,2,8,0,1,4,"coding"
"PAK1",7,5,2,0,1,4,"coding"
"PAX6",6,4,2,0,1,4,"coding"
"PDCD6IP",11,2,9,0,1,4,"coding"
"PDLIM7",6,4,2,0,1,4,"coding"
"PKN1",16,13,3,0,1,4,"coding"
"PLAU",5,2,3,0,1,4,"coding"
"PRKCA",71,20,51,0,1,4,"coding"
"PTPRS",4,1,3,0,1,4,"coding"
"RAF1",44,26,18,0,1,4,"coding"
"RPS6KA5",16,10,6,0,1,4,"coding"
"SAFB",15,9,6,0,1,4,"coding"
"SFPQ",6,2,4,0,1,4,"coding"
"SH3GL1",15,8,7,0,1,4,"coding"
"SHC1",19,9,10,0,1,4,"coding"
"SMAD3",60,22,38,0,1,4,"coding"
"SMURF1",37,36,1,0,1,4,"coding"
"SNAP25",8,6,2,0,1,4,"coding"
"TGFBR1",61,22,39,0,1,4,"coding"
"TGFBR2",23,11,12,0,1,4,"coding"
"TMPO",7,3,4,0,1,4,"coding"
"TNFRSF1A",22,7,15,0,1,4,"coding"
"TNNI3",6,3,3,0,1,4,"coding"
"TRAF3",12,6,6,0,1,4,"coding"
"TRAF6",49,15,34,0,1,4,"coding"
"TRIM23",9,7,2,0,1,4,"coding"
"TRIM39",4,3,1,0,1,4,"coding"
"UBE3A",26,21,5,0,1,4,"coding"
"WASL",12,3,9,0,1,4,"coding"
"WBP11",7,1,6,0,1,4,"coding"
"XRN2",8,5,3,0,1,4,"coding"
"ZBTB16",13,1,12,0,1,4,"coding"
"ZFYVE9",22,13,9,0,1,4,"coding"
"ADAM10",4,2,2,0,1,3,"coding"
"APOH",3,1,2,0,1,3,"coding"
"B2M",14,11,3,0,1,3,"coding"
"BIRC2",15,4,11,0,1,3,"coding"
"CAPRIN1",4,3,1,0,1,3,"coding"
"CD3E",10,7,3,0,1,3,"coding"
"CD5",12,10,2,0,1,3,"coding"
"CD8A",11,5,6,0,1,3,"coding"
"CDC25B",5,4,1,0,1,3,"coding"
"CDC37",31,26,5,0,1,3,"coding"
"CDK7",6,4,2,0,1,3,"coding"
"CHMP2A",3,1,2,0,1,3,"coding"
"COIL",22,17,5,0,1,3,"coding"
"COPB1",9,4,5,0,1,3,"coding"
"COPS6",46,27,19,0,1,3,"coding"
"CSNK2A1",77,53,24,0,1,3,"coding"
"CTNNB1",60,39,21,0,1,3,"coding"
"DNMT3B",3,2,1,0,1,3,"coding"
"DRD2",6,1,5,0,1,3,"coding"
"E2F3",9,4,5,0,1,3,"coding"
"EFEMP2",8,6,2,0,1,3,"coding"
"EIF2AK2",23,13,10,0,1,3,"coding"
"ETF1",5,4,1,0,1,3,"coding"
"FGFR1",2,1,1,0,1,3,"coding"
"GNAI2",17,11,6,0,1,3,"coding"
"GOPC",8,1,7,0,1,3,"coding"
"GRIN1",6,1,5,0,1,3,"coding"
"GRK6",7,3,4,0,1,3,"coding"
"HEXDC",5,2,3,0,1,3,"coding"
"HSP90AA1",37,17,20,0,1,3,"coding"
"HSP90B1",8,4,4,0,1,3,"coding"
"ICAM3",4,2,2,0,1,3,"coding"
"IFNAR1",11,4,7,0,1,3,"coding"
"ILK",14,5,9,0,1,3,"coding"
"IRF4",12,5,7,0,1,3,"coding"
"JUN",19,6,13,0,1,3,"coding"
"KIAA1279",5,1,4,0,1,3,"coding"
"LCP2",22,15,7,0,1,3,"coding"
"MAP3K2",10,7,3,0,1,3,"coding"
"MAPK8",40,32,8,0,1,3,"coding"
"MBD3",26,8,18,0,1,3,"coding"
"MDM2",22,13,9,0,1,3,"coding"
"MED8",9,6,3,0,1,3,"coding"
"MEF2D",7,4,3,0,1,3,"coding"
"NBR1",5,3,2,0,1,3,"coding"
"PDCD10",2,1,1,0,1,3,"coding"
"PHYHIP",6,2,4,0,1,3,"coding"
"PICK1",9,2,7,0,1,3,"coding"
"PML",11,6,5,0,1,3,"coding"
"PPP2CA",22,11,11,0,1,3,"coding"
"PRKAR2A",18,13,5,0,1,3,"coding"
"PROC",6,2,4,0,1,3,"coding"
"PSEN1",20,5,15,0,1,3,"coding"
"PSMD4",7,5,2,0,1,3,"coding"
"PTGES3",7,6,1,0,1,3,"coding"
"RAB11A",9,6,3,0,1,3,"coding"
"RAD23A",11,8,3,0,1,3,"coding"
"RANBP10",4,2,2,0,1,3,"coding"
"RDX",8,3,5,0,1,3,"coding"
"REST",2,1,1,0,1,3,"coding"
"RINT1",7,5,2,0,1,3,"coding"
"SERPING1",5,2,3,0,1,3,"coding"
"SIRPA",10,5,5,0,1,3,"coding"
"SLC9A3R1",9,4,5,0,1,3,"coding"
"SPI1",26,10,16,0,1,3,"coding"
"STX11",3,1,2,0,1,3,"coding"
"STX4",13,7,6,0,1,3,"coding"
"TANK",11,7,4,0,1,3,"coding"
"TLR2",8,4,4,0,1,3,"coding"
"TNFAIP3",10,6,4,0,1,3,"coding"
"TNNT1",8,5,3,0,1,3,"coding"
"TRAF4",9,5,4,0,1,3,"coding"
"TRIP6",16,10,6,0,1,3,"coding"
"TUBA1A",7,2,5,0,1,3,"coding"
"TUBB",5,2,3,0,1,3,"coding"
"TUBB2B",9,3,6,0,1,3,"coding"
"UBASH3B",4,3,1,0,1,3,"coding"
"XRCC5",17,11,6,0,1,3,"coding"
"YWHAZ",57,22,35,0,1,3,"coding"
"ZAP70",27,3,24,0,1,3,"coding"
"ZBTB43",2,1,1,0,1,3,"coding"
"AKT1",10,6,4,0,1,2,"coding"
"ANXA7",38,23,15,0,1,2,"coding"
"APPBP2",5,3,2,0,1,2,"coding"
"ARF1",14,7,7,0,1,2,"coding"
"ARID3A",8,4,4,0,1,2,"coding"
"ARNTL",9,3,6,0,1,2,"coding"
"ARRB2",19,9,10,0,1,2,"coding"
"BAIAP2",13,7,6,0,1,2,"coding"
"BIN1",13,9,4,0,1,2,"coding"
"BRMS1",5,1,4,0,1,2,"coding"
"CALCOCO2",18,12,6,0,1,2,"coding"
"CALR",13,4,9,0,1,2,"coding"
"CASP7",19,12,7,0,1,2,"coding"
"CCNK",9,4,5,0,1,2,"coding"
"CCR3",6,1,5,0,1,2,"coding"
"CD2AP",16,12,4,0,1,2,"coding"
"CD48",7,3,4,0,1,2,"coding"
"CDH2",5,3,2,0,1,2,"coding"
"CDK2",39,32,7,0,1,2,"coding"
"CDK5",23,16,7,0,1,2,"coding"
"CPE",3,1,2,0,1,2,"coding"
"DAG1",8,3,5,0,1,2,"coding"
"DAXX",15,10,5,0,1,2,"coding"
"DNAJA1",3,2,1,0,1,2,"coding"
"E2F6",8,2,6,0,1,2,"coding"
"EIF3E",7,2,5,0,1,2,"coding"
"EMD",12,9,3,0,1,2,"coding"
"FAS",26,7,19,0,1,2,"coding"
"GABARAP",9,3,6,0,1,2,"coding"
"GABPB1",10,6,4,0,1,2,"coding"
"GDI2",6,5,1,0,1,2,"coding"
"GNAI1",14,7,7,0,1,2,"coding"
"GNB1",6,2,4,0,1,2,"coding"
"GNB5",3,2,1,0,1,2,"coding"
"GRAP2",16,10,6,0,1,2,"coding"
"GRK5",9,4,5,0,1,2,"coding"
"GSK3B",69,33,36,0,1,2,"coding"
"GTF2E1",6,5,1,0,1,2,"coding"
"GTF2H1",15,9,6,0,1,2,"coding"
"GZMA",3,2,1,0,1,2,"coding"
"HMGB1",7,5,2,0,1,2,"coding"
"HOMER1",10,4,6,0,1,2,"coding"
"HRAS",39,20,19,0,1,2,"coding"
"ICAM1",7,5,2,0,1,2,"coding"
"ID2",5,3,2,0,1,2,"coding"
"IGSF21",8,4,4,0,1,2,"coding"
"IL18",6,3,3,0,1,2,"coding"
"IL21",2,1,1,0,1,2,"coding"
"IL2RA",5,1,4,0,1,2,"coding"
"ING4",6,4,2,0,1,2,"coding"
"IRF1",9,3,6,0,1,2,"coding"
"KCNA2",2,1,1,0,1,2,"coding"
"KHDRBS1",13,8,5,0,1,2,"coding"
"LCK",59,30,29,0,1,2,"coding"
"LMNB1",7,2,5,0,1,2,"coding"
"MAPK14",40,31,9,0,1,2,"coding"
"MAPK3",20,12,8,0,1,2,"coding"
"MARK4",5,3,2,0,1,2,"coding"
"NAGK",11,3,8,0,1,2,"coding"
"NCK1",42,7,35,0,1,2,"coding"
"NMI",5,4,1,0,1,2,"coding"
"NOV",6,3,3,0,1,2,"coding"
"NR1D2",5,3,2,0,1,2,"coding"
"NR1H3",9,7,2,0,1,2,"coding"
"NUDT21",21,11,10,0,1,2,"coding"
"PARD6B",9,4,5,0,1,2,"coding"
"PDPK1",39,28,11,0,1,2,"coding"
"PLK1",24,12,12,0,1,2,"coding"
"PNMA1",2,1,1,0,1,2,"coding"
"POLR2C",11,7,4,0,1,2,"coding"
"PPM1G",4,3,1,0,1,2,"coding"
"PPP2CB",6,4,2,0,1,2,"coding"
"PPP2R1A",10,6,4,0,1,2,"coding"
"PRKCZ",30,13,17,0,1,2,"coding"
"PSMC5",18,16,2,0,1,2,"coding"
"PTPN6",56,11,45,0,1,2,"coding"
"RABAC1",24,14,10,0,1,2,"coding"
"RAP1A",13,4,9,0,1,2,"coding"
"RASA1",42,22,20,0,1,2,"coding"
"RELB",6,5,1,0,1,2,"coding"
"RXRA",15,7,8,0,1,2,"coding"
"SDC3",7,4,3,0,1,2,"coding"
"SERBP1",3,1,2,0,1,2,"coding"
"SLC35E1",2,1,1,0,1,2,"coding"
"SMAD5",20,11,9,0,1,2,"coding"
"SMARCB1",11,5,6,0,1,2,"coding"
"SMARCE1",9,5,4,0,1,2,"coding"
"SNAP23",12,5,7,0,1,2,"coding"
"SPP1",8,3,5,0,1,2,"coding"
"SPRY2",18,14,4,0,1,2,"coding"
"SYT1",2,1,1,0,1,2,"coding"
"TAF9",12,6,6,0,1,2,"coding"
"TGFB1",20,10,10,0,1,2,"coding"
"TNFRSF9",4,1,3,0,1,2,"coding"
"TP63",9,1,8,0,1,2,"coding"
"TRAF1",23,13,10,0,1,2,"coding"
"TRAP1",5,2,3,0,1,2,"coding"
"TUBA1B",6,3,3,0,1,2,"coding"
"TUBG1",7,4,3,0,1,2,"coding"
"UBQLN1",13,5,8,0,1,2,"coding"
"VIM",38,25,13,0,1,2,"coding"
"VIPR1",2,1,1,0,1,2,"coding"
"YES1",15,10,5,0,1,2,"coding"
"YWHAB",43,27,16,0,1,2,"coding"
"AGFG1",4,1,3,0,1,1,"coding"
"ASGR1",5,2,3,0,1,1,"coding"
"ATP5C1",8,6,2,0,1,1,"coding"
"ATXN1L",28,19,9,0,1,1,"coding"
"BAD",18,9,9,0,1,1,"coding"
"BCL2A1",5,3,2,0,1,1,"coding"
"BCL2L1",8,6,2,0,1,1,"coding"
"BLNK",12,10,2,0,1,1,"coding"
"C8orf33",9,5,4,0,1,1,"coding"
"CASP3",59,22,37,0,1,1,"coding"
"CCL19",4,1,3,0,1,1,"coding"
"CCR5",19,10,9,0,1,1,"coding"
"CDC20",9,7,2,0,1,1,"coding"
"CDC25A",8,6,2,0,1,1,"coding"
"CDKN1A",16,14,2,0,1,1,"coding"
"CFL1",12,7,5,0,1,1,"coding"
"CFLAR",16,6,10,0,1,1,"coding"
"COMT",2,1,1,0,1,1,"coding"
"CREB3",4,2,2,0,1,1,"coding"
"CRK",50,23,27,0,1,1,"coding"
"CRKL",31,11,20,0,1,1,"coding"
"CSNK2A2",17,12,5,0,1,1,"coding"
"CTBP1",31,24,7,0,1,1,"coding"
"CTBP2",6,4,2,0,1,1,"coding"
"CTLA4",8,7,1,0,1,1,"coding"
"CTSD",10,5,5,0,1,1,"coding"
"DIABLO",5,2,3,0,1,1,"coding"
"DLG4",19,9,10,0,1,1,"coding"
"DYRK1B",4,1,3,0,1,1,"coding"
"EEF1G",23,6,17,0,1,1,"coding"
"EXOSC4",13,5,8,0,1,1,"coding"
"GAPDH",30,16,14,0,1,1,"coding"
"GATA2",4,2,2,0,1,1,"coding"
"GGA2",10,3,7,0,1,1,"coding"
"GIPC1",15,7,8,0,1,1,"coding"
"GNA13",19,8,11,0,1,1,"coding"
"GNAI3",9,1,8,0,1,1,"coding"
"GNAQ",24,8,16,0,1,1,"coding"
"GPS1",11,5,6,0,1,1,"coding"
"H3F3A",4,3,1,0,1,1,"coding"
"HAX1",7,5,2,0,1,1,"coding"
"HCK",35,25,10,0,1,1,"coding"
"HDAC3",18,13,5,0,1,1,"coding"
"HMOX2",12,5,7,0,1,1,"coding"
"HOXC8",4,3,1,0,1,1,"coding"
"IGFBP3",11,5,6,0,1,1,"coding"
"KLRD1",6,2,4,0,1,1,"coding"
"KPNA1",9,6,3,0,1,1,"coding"
"KRT15",8,7,1,0,1,1,"coding"
"KRTAP4-12",8,3,5,0,1,1,"coding"
"LAPTM5",5,4,1,0,1,1,"coding"
"LAT",18,7,11,0,1,1,"coding"
"LIMS1",7,3,4,0,1,1,"coding"
"LRPAP1",9,7,2,0,1,1,"coding"
"MAF",3,2,1,0,1,1,"coding"
"MAP3K3",9,6,3,0,1,1,"coding"
"MAPK1",79,56,23,0,1,1,"coding"
"MDH1",3,2,1,0,1,1,"coding"
"MLLT3",2,1,1,0,1,1,"coding"
"MPP6",10,3,7,0,1,1,"coding"
"MYC",18,7,11,0,1,1,"coding"
"MYD88",14,9,5,0,1,1,"coding"
"MYOC",4,1,3,0,1,1,"coding"
"NCK2",11,7,4,0,1,1,"coding"
"NFIL3",3,2,1,0,1,1,"coding"
"NFYB",12,6,6,0,1,1,"coding"
"NPPA",2,1,1,0,1,1,"coding"
"OSGEP",7,1,6,0,1,1,"coding"
"POLR2D",6,2,4,0,1,1,"coding"
"POLR3F",4,2,2,0,1,1,"coding"
"PPP1CB",7,6,1,0,1,1,"coding"
"PPP2R5A",4,3,1,0,1,1,"coding"
"PRKAR1B",3,2,1,0,1,1,"coding"
"PRKCI",18,14,4,0,1,1,"coding"
"PSMD7",2,1,1,0,1,1,"coding"
"PSTPIP1",9,8,1,0,1,1,"coding"
"PTGFR",3,1,2,0,1,1,"coding"
"PTN",18,8,10,0,1,1,"coding"
"PTPN11",64,21,43,0,1,1,"coding"
"RAB27A",11,5,6,0,1,1,"coding"
"RAN",10,4,6,0,1,1,"coding"
"RANBP9",9,3,6,0,1,1,"coding"
"RAP2A",14,7,7,0,1,1,"coding"
"RBBP4",24,16,8,0,1,1,"coding"
"RCOR1",2,1,1,0,1,1,"coding"
"RPP14",7,6,1,0,1,1,"coding"
"RYK",5,3,2,0,1,1,"coding"
"S100A1",3,2,1,0,1,1,"coding"
"SH3GL3",6,1,5,0,1,1,"coding"
"SKP1",10,8,2,0,1,1,"coding"
"SMAD1",42,12,30,0,1,1,"coding"
"SMAD6",5,3,2,0,1,1,"coding"
"SMAD7",18,6,12,0,1,1,"coding"
"SNCA",13,5,8,0,1,1,"coding"
"SNRNP70",13,10,3,0,1,1,"coding"
"SNX1",11,6,5,0,1,1,"coding"
"SOD1",3,2,1,0,1,1,"coding"
"SOX8",5,3,2,0,1,1,"coding"
"SPARC",15,12,3,0,1,1,"coding"
"SRC",21,9,12,0,1,1,"coding"
"SRF",16,5,11,0,1,1,"coding"
"TGFB1I1",8,5,3,0,1,1,"coding"
"TGFB2",4,2,2,0,1,1,"coding"
"TK1",49,28,21,0,1,1,"coding"
"TNFRSF10A",7,2,5,0,1,1,"coding"
"TNFSF8",2,1,1,0,1,1,"coding"
"TRAF2",77,15,62,0,1,1,"coding"
"TUBA4A",6,4,2,0,1,1,"coding"
"UBE2I",43,34,9,0,1,1,"coding"
"UBE2L3",6,4,2,0,1,1,"coding"
"UNC119",28,10,18,0,1,1,"coding"
"VDAC1",5,2,3,0,1,1,"coding"
"YWHAG",131,94,37,0,1,1,"coding"
"ZNF512B",16,8,8,0,1,1,"coding"
