Name,K,Kin,Kout,TypeI,TypeII,weight,Type
HIPK2,8,3,5,0,1,10,coding
SMARCC1,8,4,4,0,1,9,coding
COL1A1,27,15,12,0,1,8,coding
PPP3CA,9,2,7,0,1,6,coding
GOLGA2,10,1,9,0,1,5,coding
ETS1,24,10,14,0,1,4,coding
KPNB1,31,20,11,0,1,4,coding
TUBB2B,9,3,6,0,1,3,coding
AKT1,10,6,4,0,1,2,coding
C8orf33,9,5,4,0,1,1,coding
MAP3K3,9,6,3,0,1,1,coding
