"Name","K","Kin","Kout","TypeI","TypeII"
"ANXA7",61,47,14,0,1
"TK1",72,47,25,0,1
"A2M",17,8,9,0,1
"ATF7IP",98,79,19,0,1
"H2AFX",42,37,5,0,1
"MYOC",10,3,7,0,1
"NUDT21",56,46,10,0,1
"MAP1LC3B",41,37,4,0,1
"MDFI",41,36,5,0,1
"RB1",122,106,16,0,1
"ABCA1",55,49,6,0,1
"CSNK2A1",111,93,18,0,1
"LIMK1",23,22,1,0,1
"HAX1",19,16,3,0,1
"RDX",56,51,5,0,1
"SLC9A3R1",25,15,10,0,1
"STX1A",20,14,6,0,1
"HSPA8",79,66,13,0,1
"SOS1",68,54,14,0,1
"SOS2",37,33,4,0,1
"KRT15",15,12,3,0,1
"ABL1",74,50,24,0,1
"ATM",53,36,17,0,1
"CASP9",22,18,4,0,1
"CAV1",83,65,18,0,1
"CDK5",23,16,7,0,1
"CRK",130,103,27,0,1
"MAPT",33,27,6,0,1
"POLR2A",63,55,8,0,1
"PRKD1",39,35,4,0,1
"RAN",87,78,9,0,1
"XRCC6",44,37,7,0,1
"ABL2",80,77,3,0,1
"CALCOCO2",47,43,4,0,1
"VIM",78,59,19,0,1
"YWHAG",178,145,33,0,1
"ATXN1",185,157,28,0,1
"CSNK2A2",33,28,5,0,1
"FBLN1",16,11,5,0,1
"USP7",40,37,3,0,1
"ACP1",26,24,2,0,1
"FYN",132,86,46,0,1
"ACTA1",26,12,14,0,1
"CFL1",20,15,5,0,1
"GSN",34,30,4,0,1
"MYLK",67,63,4,0,1
"VCL",103,79,24,0,1
"ACTB",96,79,17,0,1
"CDKN1A",154,142,12,0,1
"CPNE1",20,18,2,0,1
"CSNK1A1",89,81,8,0,1
"EMD",22,18,4,0,1
"PFDN1",13,9,4,0,1
"SMN1",22,11,11,0,1
"ACTC1",21,15,6,0,1
"ACTN4",50,46,4,0,1
"DMD",49,47,2,0,1
"WIPF1",31,28,3,0,1
"ACTG1",48,38,10,0,1
"DYNLL1",44,34,10,0,1
"PIP4K2C",31,26,5,0,1
"RPS6KA5",79,74,5,0,1
"CTBP1",50,44,6,0,1
"ACTN1",44,36,8,0,1
"PKN1",15,13,2,0,1
"COIL",70,62,8,0,1
"CDC42",72,46,26,0,1
"CDH1",47,33,14,0,1
"ACVR1",66,50,16,0,1
"AP2B1",54,46,8,0,1
"IKBKB",32,28,4,0,1
"ACVR1B",48,46,2,0,1
"TDGF1",7,4,3,0,1
"MAGI2",34,31,3,0,1
"TGFB1",37,25,12,0,1
"TGFB3",14,11,3,0,1
"TGFBR2",134,122,12,0,1
"XIAP",123,113,10,0,1
"ADAM10",48,46,2,0,1
"SH3D19",66,64,2,0,1
"MAD2L1",25,20,5,0,1
"TNFSF11",22,15,7,0,1
"FN1",90,71,19,0,1
"PRKCA",99,62,37,0,1
"CALM1",73,67,6,0,1
"PRKCD",47,36,11,0,1
"APPL1",60,54,6,0,1
"FLNC",30,23,7,0,1
"GNAI2",72,65,7,0,1
"YWHAZ",163,123,40,0,1
"GIPC1",29,23,6,0,1
"ADRB2",28,15,13,0,1
"CSK",35,28,7,0,1
"GNA11",23,18,5,0,1
"GPRASP1",25,11,14,0,1
"GRB2",119,84,35,0,1
"GRK5",41,32,9,0,1
"GRK6",26,21,5,0,1
"SLC9A3R2",30,27,3,0,1
"SRC",35,21,14,0,1
"GIT1",43,33,10,0,1
"MAPK3",28,26,2,0,1
"PRKCB",64,49,15,0,1
"ADRBK2",50,48,2,0,1
"CXCR4",26,18,8,0,1
"PRKCE",43,35,8,0,1
"ATXN1L",85,75,10,0,1
"AFF1",77,69,8,0,1
"MLLT1",65,60,5,0,1
"UBE3A",56,53,3,0,1
"CCDC85B",69,56,13,0,1
"AGT",4,2,2,0,1
"EWSR1",38,21,17,0,1
"PRG2",3,1,2,0,1
"AGTR1",13,6,7,0,1
"HRAS",38,19,19,0,1
"JAK2",70,37,33,0,1
"NOS3",13,10,3,0,1
"ARNT",55,30,25,0,1
"EP300",164,143,21,0,1
"NCOA1",93,63,30,0,1
"NCOA2",72,60,12,0,1
"SETDB1",62,53,9,0,1
"PRKAR2A",67,61,6,0,1
"AKAP10",38,33,5,0,1
"PRKAR1A",70,55,15,0,1
"GSK3B",133,99,34,0,1
"YWHAB",103,83,20,0,1
"YWHAE",117,99,18,0,1
"PPP3CA",43,34,9,0,1
"KPNB1",93,80,13,0,1
"PRPF40A",79,62,17,0,1
"AKAP9",37,33,4,0,1
"AKT1",71,48,23,0,1
"CHUK",50,34,16,0,1
"MDM2",139,131,8,0,1
"RAF1",53,38,15,0,1
"TCEA2",17,14,3,0,1
"PDPK1",90,79,11,0,1
"CTBP2",30,28,2,0,1
"UNC119",38,19,19,0,1
"XRN1",66,61,5,0,1
"CLTC",94,81,13,0,1
"SH3GL2",13,12,1,0,1
"CSNK2B",59,21,38,0,1
"TEK",19,10,9,0,1
"ANK1",45,43,2,0,1
"HDAC4",48,45,3,0,1
"LRP2",19,11,8,0,1
"ANXA1",12,7,5,0,1
"TGM2",22,15,7,0,1
"S100A6",6,5,1,0,1
"CCDC90B",13,11,2,0,1
"RBBP4",62,58,4,0,1
"TLE1",35,34,1,0,1
"SYP",13,12,1,0,1
"AP2A1",33,28,5,0,1
"BIN1",15,11,4,0,1
"HIP1",54,51,3,0,1
"AP3B1",45,41,4,0,1
"ARF1",71,64,7,0,1
"XPOT",71,68,3,0,1
"CASP3",94,52,42,0,1
"HSPA1A",38,33,5,0,1
"APP",92,80,12,0,1
"KCNJ12",33,31,2,0,1
"MAPK6",128,93,35,0,1
"APLP1",10,8,2,0,1
"SIAH1",37,33,4,0,1
"PCNA",64,58,6,0,1
"UBE2I",44,36,8,0,1
"TRIM37",67,62,5,0,1
"LRP1",48,36,12,0,1
"TP53BP2",34,29,5,0,1
"APPBP2",59,58,1,0,1
"PIK3CA",53,44,9,0,1
"APTX",32,31,1,0,1
"EFEMP2",23,17,6,0,1
"CDC37",39,34,5,0,1
"CREBBP",292,84,208,0,1
"GTF2H1",38,34,4,0,1
"KAT2B",62,56,6,0,1
"MYBBP1A",12,11,1,0,1
"NCOA3",105,93,12,0,1
"NCOR1",113,53,60,0,1
"PIAS2",43,40,3,0,1
"RNF4",50,49,1,0,1
"SMAD1",168,28,140,0,1
"SMAD3",177,56,121,0,1
"SP1",504,124,380,0,1
"TRIM24",46,38,8,0,1
"SLC2A4",35,34,1,0,1
"ITPR1",58,48,10,0,1
"PIK3R1",124,81,43,0,1
"PTPN11",102,62,40,0,1
"RASA1",80,56,24,0,1
"WAS",26,13,13,0,1
"RAC1",77,64,13,0,1
"SMURF2",73,59,14,0,1
"ARHGDIA",62,60,2,0,1
"RAC2",8,5,3,0,1
"VAV1",37,28,9,0,1
"GNA12",38,27,11,0,1
"GNA13",68,56,12,0,1
"ARHGEF12",57,51,6,0,1
"CD44",35,24,11,0,1
"IGF1R",150,135,15,0,1
"RHOA",60,49,11,0,1
"TGFBR1",121,78,43,0,1
"ARHGEF7",36,31,5,0,1
"CBLB",44,37,7,0,1
"SMARCE1",36,32,4,0,1
"SIN3A",69,64,5,0,1
"GAPDH",64,44,20,0,1
"UBR1",42,29,13,0,1
"ARL4D",29,27,2,0,1
"NUDT3",94,87,7,0,1
"ARR3",9,4,5,0,1
"BMPR2",98,86,12,0,1
"HCK",40,30,10,0,1
"HNRNPA1",92,86,6,0,1
"ARRB2",26,20,6,0,1
"MAPK1",179,158,21,0,1
"MED31",18,14,4,0,1
"ASF1A",41,39,2,0,1
"H3F3A",24,23,1,0,1
"HSP90AA1",105,84,21,0,1
"CREB1",474,86,388,0,1
"GABPA",338,30,308,0,1
"JUN",406,66,340,0,1
"DDIT3",13,8,5,0,1
"CDC34",20,19,1,0,1
"DISC1",28,27,1,0,1
"LUC7L2",72,67,5,0,1
"EIF4EBP1",47,45,2,0,1
"RAD51",86,82,4,0,1
"TOPBP1",32,30,2,0,1
"XRCC5",45,39,6,0,1
"ATN1",36,23,13,0,1
"TRIP6",21,15,6,0,1
"BCL2",101,88,13,0,1
"CAMK2A",36,32,4,0,1
"ATP5C1",26,24,2,0,1
"CDK4",87,78,9,0,1
"PIN1",58,42,16,0,1
"RPP14",66,65,1,0,1
"PJA1",11,10,1,0,1
"ATP5J2",7,5,2,0,1
"ATR",23,17,6,0,1
"DAZAP2",95,89,6,0,1
"FAM46A",54,53,1,0,1
"ITGA2B",4,2,2,0,1
"RNF11",111,96,15,0,1
"AURKA",50,45,5,0,1
"CDC20",22,19,3,0,1
"NME1",27,23,4,0,1
"PPP1CA",31,25,6,0,1
"PPP1CC",69,66,3,0,1
"AXIN1",33,17,16,0,1
"BTRC",58,47,11,0,1
"CTNNB1",101,79,22,0,1
"JUP",30,24,6,0,1
"PPP2CA",81,73,8,0,1
"SH3GL1",27,20,7,0,1
"CBL",109,81,28,0,1
"IL2RG",13,9,4,0,1
"LCK",61,34,27,0,1
"PIK3R2",30,22,8,0,1
"SHC1",69,45,24,0,1
"SOCS1",54,45,9,0,1
"B2M",32,30,2,0,1
"RANBP9",39,35,4,0,1
"MAPK8",89,81,8,0,1
"SFN",13,12,1,0,1
"YWHAQ",89,77,12,0,1
"DLG4",67,38,29,0,1
"MAGI3",40,38,2,0,1
"BRD7",30,27,3,0,1
"CHD3",33,25,8,0,1
"IKBKAP",27,23,4,0,1
"BATF3",4,3,1,0,1
"CREB3L3",6,3,3,0,1
"HDAC6",8,5,3,0,1
"MAP3K7",64,57,7,0,1
"CASP8",59,35,24,0,1
"BCAR1",33,26,7,0,1
"PTPN12",47,46,1,0,1
"MAPK14",91,83,8,0,1
"SF1",46,44,2,0,1
"BCL2A1",5,3,2,0,1
"BCL3",93,30,63,0,1
"HDAC3",21,17,4,0,1
"IRF4",107,36,71,0,1
"RUNX1T1",262,107,155,0,1
"ERCC3",18,14,4,0,1
"BMP4",13,8,5,0,1
"COL4A2",47,44,3,0,1
"NEK9",80,79,1,0,1
"DIABLO",26,23,3,0,1
"TRADD",18,10,8,0,1
"TRAF1",64,49,15,0,1
"UBB",44,30,14,0,1
"CASP7",29,25,4,0,1
"BLK",6,4,2,0,1
"FCGR2B",6,3,3,0,1
"SUMO2",58,52,6,0,1
"BLNK",19,15,4,0,1
"BMI1",46,42,4,0,1
"RING1",13,10,3,0,1
"RNF2",45,41,4,0,1
"HSPG2",37,31,6,0,1
"RAP2A",33,29,4,0,1
"STUB1",15,5,10,0,1
"FCER1G",10,5,5,0,1
"ROBO2",49,44,5,0,1
"MAP2K1",45,39,6,0,1
"BRCA2",18,13,5,0,1
"CCNA2",71,68,3,0,1
"CDK2",88,81,7,0,1
"KPNA1",69,66,3,0,1
"KPNA2",70,67,3,0,1
"NFYA",252,63,189,0,1
"BRMS1",11,7,4,0,1
"PDLIM7",15,11,4,0,1
"TRIM5",13,12,1,0,1
"EGFR",86,49,37,0,1
"ERBB2",37,30,7,0,1
"BTK",49,9,40,0,1
"FAS",41,27,14,0,1
"LYN",107,76,31,0,1
"MYD88",32,26,6,0,1
"PLCG2",68,55,13,0,1
"PRKCQ",15,6,9,0,1
"TUBA1A",24,13,11,0,1
"SKP1",45,43,2,0,1
"PLK1",55,34,21,0,1
"BUB1B",14,12,2,0,1
"C11orf58",34,30,4,0,1
"KIAA1377",40,19,21,0,1
"C14orf1",34,28,6,0,1
"DCN",22,15,7,0,1
"UBQLN4",73,46,27,0,1
"RAB35",20,19,1,0,1
"CTSG",14,7,7,0,1
"FGFR3",15,11,4,0,1
"C8orf33",46,40,6,0,1
"FEZ1",16,5,11,0,1
"HAP1",29,26,3,0,1
"CABLES1",19,18,1,0,1
"SIAH2",20,19,1,0,1
"MPP3",5,4,1,0,1
"CADPS2",11,9,2,0,1
"TUBA4A",16,11,5,0,1
"GPRASP2",19,12,7,0,1
"STRN4",22,16,6,0,1
"THBS1",114,103,11,0,1
"TRAF6",61,37,24,0,1
"CAPN1",25,19,6,0,1
"SPTAN1",29,18,11,0,1
"CAPN2",11,10,1,0,1
"CAPRIN1",81,80,1,0,1
"CASK",50,40,10,0,1
"EPB41",59,46,13,0,1
"PRKD2",27,24,3,0,1
"CASP1",15,10,5,0,1
"HTT",65,52,13,0,1
"CASP2",53,46,7,0,1
"DSP",38,36,2,0,1
"EEF1A1",60,44,16,0,1
"EIF2AK2",59,46,13,0,1
"NEDD4",54,51,3,0,1
"TOP1",27,25,2,0,1
"CASP4",11,7,4,0,1
"CLSPN",50,49,1,0,1
"RIPK1",16,12,4,0,1
"SUMO1",99,92,7,0,1
"NAIP",5,4,1,0,1
"FLNA",49,42,7,0,1
"RNF19A",40,35,5,0,1
"SUMO4",8,3,5,0,1
"ILK",35,29,6,0,1
"PTPRF",76,71,5,0,1
"CD5",17,14,3,0,1
"INSR",70,48,22,0,1
"ITCH",28,25,3,0,1
"KRT18",25,20,5,0,1
"SPRY2",32,30,2,0,1
"UBE2G1",52,50,2,0,1
"CRY1",8,4,4,0,1
"COPS6",47,32,15,0,1
"EHMT2",14,13,1,0,1
"CCR5",49,37,12,0,1
"CCR1",14,11,3,0,1
"VCAM1",35,32,3,0,1
"VCAN",71,61,10,0,1
"CCL21",7,4,3,0,1
"DPP4",11,5,6,0,1
"CCL3",12,11,1,0,1
"SRGN",26,24,2,0,1
"CCR3",14,7,7,0,1
"PIGR",35,34,1,0,1
"CDC25A",73,71,2,0,1
"PTMA",77,62,15,0,1
"CCNE1",38,32,6,0,1
"SKP2",47,40,7,0,1
"CDK7",12,10,2,0,1
"CCNK",33,27,6,0,1
"CDK9",48,41,7,0,1
"DVL3",58,54,4,0,1
"JAK1",78,49,29,0,1
"CD4",49,38,11,0,1
"PTK2B",42,24,18,0,1
"RCC1",36,32,4,0,1
"CD14",6,1,5,0,1
"ITGB2",26,11,15,0,1
"ITGA3",51,46,5,0,1
"ITGA6",40,32,8,0,1
"ITGB1",92,62,30,0,1
"CD79A",12,7,5,0,1
"PTPRC",40,22,18,0,1
"LAT",22,11,11,0,1
"CD247",24,9,15,0,1
"TRAF2",78,19,59,0,1
"TRAF3",43,37,6,0,1
"GRAP2",50,40,10,0,1
"CD3E",16,13,3,0,1
"IL16",20,14,6,0,1
"PTK2",62,37,25,0,1
"UBQLN1",55,46,9,0,1
"CD48",13,9,4,0,1
"CD55",38,36,2,0,1
"CD81",28,25,3,0,1
"ITGA4",24,20,4,0,1
"COL4A1",77,71,6,0,1
"COL4A3",30,24,6,0,1
"MELK",63,62,1,0,1
"SAFB",18,13,5,0,1
"ITSN1",63,55,8,0,1
"KTN1",30,28,2,0,1
"TNK2",37,36,1,0,1
"CDCA3",34,31,3,0,1
"CDH2",38,34,4,0,1
"CDH5",28,23,5,0,1
"CTNNA1",34,31,3,0,1
"CDKN1B",102,89,13,0,1
"MCM7",63,54,9,0,1
"GATA2",268,26,242,0,1
"SPI1",446,21,425,0,1
"SMARCC1",62,46,16,0,1
"SRF",243,35,208,0,1
"TRIM28",41,40,1,0,1
"SPTBN2",42,39,3,0,1
"NEK2",11,9,2,0,1
"CEP76",20,17,3,0,1
"SNAP23",39,32,7,0,1
"SERBP1",110,107,3,0,1
"CHGB",8,5,3,0,1
"RAB1A",53,51,2,0,1
"CHMP2A",10,8,2,0,1
"CHMP4A",4,2,2,0,1
"ICAM3",8,6,2,0,1
"TYROBP",8,6,2,0,1
"HGS",27,15,12,0,1
"RABAC1",48,39,9,0,1
"CNKSR1",3,2,1,0,1
"CNKSR2",26,24,2,0,1
"GNA15",5,3,2,0,1
"GNAI1",19,18,1,0,1
"MET",41,30,11,0,1
"IL6ST",119,113,6,0,1
"CNTN1",20,18,2,0,1
"PTPRB",44,41,3,0,1
"COL17A1",8,3,5,0,1
"FBLN2",26,22,4,0,1
"IGFBP3",35,31,4,0,1
"TGFBI",25,22,3,0,1
"PLA2G4A",19,17,2,0,1
"SNCA",21,9,12,0,1
"COL2A1",11,9,2,0,1
"PXN",41,27,14,0,1
"XRN2",18,16,2,0,1
"COPS3",26,22,4,0,1
"CPE",57,51,6,0,1
"POLA2",48,41,7,0,1
"RPA1",36,24,12,0,1
"PLSCR1",41,29,12,0,1
"EBF1",295,38,257,0,1
"MAFG",40,37,3,0,1
"NFATC2",59,49,10,0,1
"PROX1",64,51,13,0,1
"SNIP1",62,57,5,0,1
"THRA",98,87,11,0,1
"TUBB2A",82,81,1,0,1
"IRS2",56,51,5,0,1
"SYN1",12,10,2,0,1
"CRMP1",34,20,14,0,1
"CRY2",54,51,3,0,1
"CSF1",35,32,3,0,1
"INPP5D",19,9,10,0,1
"CSF2RB",21,10,11,0,1
"KDR",52,34,18,0,1
"HNRNPK",56,48,8,0,1
"PPP1R8",20,14,6,0,1
"ERCC8",15,13,2,0,1
"LMO4",41,40,1,0,1
"RNF126",19,16,3,0,1
"RNF7",18,17,1,0,1
"CTCF",434,33,401,0,1
"CTGF",52,50,2,0,1
"NOV",11,8,3,0,1
"RUVBL1",18,17,1,0,1
"ZFYVE9",49,42,7,0,1
"SHBG",8,3,5,0,1
"GP1BA",8,5,3,0,1
"CTSS",15,14,1,0,1
"CTTN",29,26,3,0,1
"LNX1",16,9,7,0,1
"NCF4",8,7,1,0,1
"CYCS",70,69,1,0,1
"FMR1",41,40,1,0,1
"SIX1",57,55,2,0,1
"PIK3R3",42,39,3,0,1
"PML",17,14,3,0,1
"DCK",19,18,1,0,1
"TRIM39",12,11,1,0,1
"DDR1",19,12,7,0,1
"DDR2",41,38,3,0,1
"PAFAH1B3",20,17,3,0,1
"DFNB31",3,1,2,0,1
"DLEU1",15,13,2,0,1
"PSMA1",17,11,6,0,1
"DLG1",48,23,25,0,1
"KCNA2",10,8,2,0,1
"DLG2",47,31,16,0,1
"NOS1",19,14,5,0,1
"DLG3",27,18,9,0,1
"DLST",20,18,2,0,1
"SOX8",9,5,4,0,1
"DNAJA1",55,50,5,0,1
"HSPA1B",60,59,1,0,1
"TRIM27",29,26,3,0,1
"DOK1",25,11,14,0,1
"EPB41L2",21,16,5,0,1
"NCK1",57,22,35,0,1
"NOTCH1",36,32,4,0,1
"UBE2D3",68,65,3,0,1
"DUSP23",14,8,6,0,1
"EED",42,37,5,0,1
"PRPF3",7,4,3,0,1
"RPS10",12,10,2,0,1
"PNN",26,21,5,0,1
"E2F6",336,33,303,0,1
"TFDP1",36,33,3,0,1
"EDNRA",32,30,2,0,1
"EXOSC4",15,5,10,0,1
"EEF1D",47,43,4,0,1
"EFNA1",54,52,2,0,1
"EFNA3",39,38,1,0,1
"PRSS23",40,35,5,0,1
"RGS3",19,14,5,0,1
"EFNB2",61,55,6,0,1
"HOMER1",37,29,8,0,1
"PTPN13",21,17,4,0,1
"SNRPD2",16,9,7,0,1
"EIF3E",18,14,4,0,1
"MVD",8,7,1,0,1
"RPL6",9,8,1,0,1
"NMI",16,15,1,0,1
"TES",46,42,4,0,1
"SYNCRIP",106,105,1,0,1
"ERBB3",47,34,13,0,1
"ERCC5",7,4,3,0,1
"ERG",550,35,515,0,1
"FLI1",431,32,399,0,1
"IGSF21",11,6,5,0,1
"PIK3CB",57,50,7,0,1
"NR0B1",3,2,1,0,1
"PSMC5",19,17,2,0,1
"PPARGC1A",55,54,1,0,1
"RAD23A",17,11,6,0,1
"PLCB3",20,18,2,0,1
"EXOSC10",21,14,7,0,1
"MPP6",35,33,2,0,1
"RAB27A",38,30,8,0,1
"F10",11,7,4,0,1
"PROC",5,4,1,0,1
"F2R",40,32,8,0,1
"ITGAV",45,36,9,0,1
"F2RL2",26,23,3,0,1
"RAP1A",51,39,12,0,1
"PRMT1",24,17,7,0,1
"FCGR1A",6,2,4,0,1
"GNAO1",28,14,14,0,1
"SYT1",46,42,4,0,1
"RPS6KA3",90,82,8,0,1
"VTN",13,4,9,0,1
"FIGF",5,3,2,0,1
"TRIM23",33,31,2,0,1
"VHL",43,37,6,0,1
"SYNJ1",40,34,6,0,1
"GATA4",173,15,158,0,1
"PRKCZ",23,13,10,0,1
"TAF10",18,11,7,0,1
"FXR2",38,31,7,0,1
"GABARAP",20,17,3,0,1
"GRASP",8,6,2,0,1
"SH3GL3",7,3,4,0,1
"GNAQ",62,49,13,0,1
"IARS",33,32,1,0,1
"NR5A1",6,4,2,0,1
"MBD3",392,35,357,0,1
"MBD2",47,44,3,0,1
"RGS1",16,14,2,0,1
"GDF9",5,2,3,0,1
"S100A8",15,12,3,0,1
"GDI2",36,35,1,0,1
"NCAM1",26,23,3,0,1
"RET",23,15,8,0,1
"GGA1",29,23,6,0,1
"M6PR",43,42,1,0,1
"GGA3",37,34,3,0,1
"RGS19",22,16,6,0,1
"PTN",22,9,13,0,1
"HMOX2",19,14,5,0,1
"HTR2A",28,21,7,0,1
"TRPC3",28,21,7,0,1
"RGS16",25,22,3,0,1
"GNAI3",37,31,6,0,1
"RGS12",11,7,4,0,1
"GNAS",56,50,6,0,1
"PABPC1",77,71,6,0,1
"PPP2R5A",17,15,2,0,1
"NUDT18",20,14,6,0,1
"GOLGA2",29,24,5,0,1
"GOLGA4",48,46,2,0,1
"IGF2",61,55,6,0,1
"LRSAM1",16,13,3,0,1
"TPD52L1",13,9,4,0,1
"GRM1",23,19,4,0,1
"USP8",34,32,2,0,1
"PPP2R2A",45,42,3,0,1
"GTF2B",36,33,3,0,1
"HAND2",53,27,26,0,1
"HEYL",71,67,4,0,1
"MMP2",52,33,19,0,1
"HCST",3,2,1,0,1
"SMAD7",79,69,10,0,1
"SHH",28,27,1,0,1
"HIPK2",57,54,3,0,1
"HMGCR",40,39,1,0,1
"NR1H2",56,12,44,0,1
"TCF3",394,23,371,0,1
"MEIS1",42,35,7,0,1
"PBX1",213,35,178,0,1
"HOXB7",6,4,2,0,1
"POLR2E",22,18,4,0,1
"VDAC1",27,25,2,0,1
"HSPB1",11,7,4,0,1
"MPDZ",13,9,4,0,1
"HTRA1",16,9,7,0,1
"ICAM1",30,28,2,0,1
"ID1",23,19,4,0,1
"IFNAR1",46,39,7,0,1
"IGFBP5",104,98,6,0,1
"PLAU",23,20,3,0,1
"RANBP10",22,21,1,0,1
"IL10RB",26,24,2,0,1
"IL4R",17,8,9,0,1
"PPP1R12C",28,27,1,0,1
"IL18",9,6,3,0,1
"IL1RAP",37,29,8,0,1
"NGFR",37,29,8,0,1
"IL21",2,1,1,0,1
"PTPN6",55,16,39,0,1
"IRAK1",42,30,12,0,1
"IRF3",29,12,17,0,1
"TLN1",82,76,6,0,1
"ITGB7",10,3,7,0,1
"PRKG1",57,47,10,0,1
"SNAP25",48,46,2,0,1
"TBL3",17,14,3,0,1
"PPIA",35,31,4,0,1
"TJP1",51,43,8,0,1
"RIBC2",6,3,3,0,1
"WDYHV1",16,9,7,0,1
"KCTD13",5,3,2,0,1
"KLK2",28,27,1,0,1
"KLRD1",30,29,1,0,1
"NUP62",35,33,2,0,1
"KRT5",6,3,3,0,1
"LEF1",41,22,19,0,1
"LEPR",28,17,11,0,1
"WNT3A",13,10,3,0,1
"LRPAP1",41,38,3,0,1
"RTN4",53,48,5,0,1
"LSM5",16,12,4,0,1
"SNRPD3",60,55,5,0,1
"TNFRSF1A",29,13,16,0,1
"TRAF4",24,20,4,0,1
"PTCD3",34,33,1,0,1
"MACF1",49,47,2,0,1
"MAFF",84,14,70,0,1
"MAP1B",111,104,7,0,1
"MAP3K2",96,94,2,0,1
"MAP4K2",35,32,3,0,1
"PPP2R1A",23,21,2,0,1
"MAPK8IP2",20,14,6,0,1
"ZNF512B",67,59,8,0,1
"PMCH",4,1,3,0,1
"UBE2A",23,20,3,0,1
"MEF2A",96,43,53,0,1
"PAX3",33,31,2,0,1
"SMC1A",80,73,7,0,1
"TUBB3",10,6,4,0,1
"SYNE1",42,38,4,0,1
"MX1",3,2,1,0,1
"TNNT1",14,7,7,0,1
"NANOS1",40,39,1,0,1
"NCF2",6,3,3,0,1
"WASL",87,79,8,0,1
"NR1D2",44,43,1,0,1
"NEDD8",10,7,3,0,1
"TARBP2",28,26,2,0,1
"NFASC",31,29,2,0,1
"NFIB",110,109,1,0,1
"SMPD1",16,14,2,0,1
"VTA1",44,40,4,0,1
"NLGN3",12,9,3,0,1
"SFPQ",205,65,140,0,1
"NPPA",4,2,2,0,1
"NTRK1",19,2,17,0,1
"NUAK1",46,40,6,0,1
"NUP98",52,45,7,0,1
"RANBP2",63,52,11,0,1
"STK11",34,31,3,0,1
"PARK2",19,13,6,0,1
"BACH2",94,72,22,0,1
"PBX2",21,16,5,0,1
"TSG101",15,13,2,0,1
"PDGFRB",42,19,23,0,1
"PDZK1",7,1,6,0,1
"PNKP",7,5,2,0,1
"TAF15",24,21,3,0,1
"PORCN",7,6,1,0,1
"PPFIA3",20,18,2,0,1
"WBP11",31,26,5,0,1
"XPA",4,3,1,0,1
"PTCH1",29,28,1,0,1
"PTGDS",8,4,4,0,1
"SPTBN4",17,13,4,0,1
"RAB5B",98,94,4,0,1
"RAB7A",52,51,1,0,1
"SFI1",5,4,1,0,1
"RINT1",13,10,3,0,1
"SCARB1",21,19,2,0,1
"TNFSF13",7,5,2,0,1
"SERPINE1",49,42,7,0,1
"SIX5",101,22,79,0,1
"SMAD5",82,73,9,0,1
"UPF1",30,26,4,0,1
"STX11",15,12,3,0,1
"SPINT1",10,9,1,0,1
"STAT4",17,4,13,0,1
"SYT7",43,41,2,0,1
"THAP1",122,80,42,0,1
"TLR1",7,2,5,0,1
"TM4SF1",54,52,2,0,1
"TNFRSF4",5,1,4,0,1
"TXNDC17",11,9,2,0,1
"ZBTB43",65,64,1,0,1
"ZNF417",54,52,2,0,1
"ZNF165",5,3,2,0,1
"ZNF250",18,16,2,0,1
"GATA6",188,110,78,0,1
"BARX1",9,5,4,0,1
"hsa-miR-130a-5p",776,25,751,0,1
"hsa-miR-142-5p",815,44,771,0,1
"hsa-miR-146b-5p",238,56,182,0,1
"hsa-miR-206",150,2,148,0,1
"hsa-miR-21-5p",686,99,587,0,1
"hsa-miR-22-5p",738,68,670,0,1
"hsa-miR-222-5p",312,18,294,0,1
"hsa-miR-223-5p",186,24,162,0,1
"hsa-miR-23a-5p",734,50,684,0,1
"hsa-miR-24-1-5p",679,52,627,0,1
"hsa-miR-27a-5p",992,55,937,0,1
"hsa-miR-31-5p",272,16,256,0,1
"hsa-miR-3124-5p",40,15,25,0,1
"hsa-miR-338-5p",364,28,336,0,1
"hsa-miR-342-5p",395,46,349,0,1
"hsa-miR-3614-5p",112,62,50,0,1
"hsa-miR-3652",131,67,64,0,1
"hsa-miR-4473",35,22,13,0,1
"hsa-miR-451a",49,25,24,0,1
"hsa-miR-4524a-5p",42,8,34,0,1
"hsa-miR-5093",34,23,11,0,1
"hsa-miR-639",51,49,2,0,1
"hsa-miR-663a",103,76,27,0,1
"hsa-miR-9-5p",805,61,744,0,1
