"Name","K","Kin","Kout","TypeI","TypeII","weight","Type"
"PIK3CA",64,55,9,0,1,381,"coding"
"CDH1",39,26,13,0,1,119,"coding"
"DMD",57,53,4,0,1,56,"coding"
"NCOR1",119,48,71,0,1,45,"coding"
"LRP2",16,9,7,0,1,39,"coding"
"PTEN",95,89,6,0,1,39,"coding"
"RUNX1",472,82,390,0,1,34,"coding"
"LRP1",49,40,9,0,1,33,"coding"
"RYR1",6,5,1,0,1,30,"coding"
"ANK3",34,33,1,0,1,28,"coding"
"AKAP9",34,30,4,0,1,27,"coding"
"LYST",25,22,3,0,1,27,"coding"
"PRKDC",54,47,7,0,1,26,"coding"
"FLNA",60,48,12,0,1,24,"coding"
"VCAN",63,56,7,0,1,24,"coding"
"DYSF",8,7,1,0,1,23,"coding"
"RB1",134,114,20,0,1,23,"coding"
"BRCA2",21,17,4,0,1,19,"coding"
"PIK3R1",136,91,45,0,1,18,"coding"
"CACNA1C",49,47,2,0,1,17,"coding"
"CHD3",27,20,7,0,1,16,"coding"
"GOLGA4",37,35,2,0,1,16,"coding"
"HSPG2",37,31,6,0,1,16,"coding"
"PCSK5",32,30,2,0,1,16,"coding"
"PTPN13",22,17,5,0,1,16,"coding"
"SETDB1",46,39,7,0,1,16,"coding"
"SPTAN1",28,19,9,0,1,16,"coding"
"TLN1",69,61,8,0,1,16,"coding"
"ATN1",51,34,17,0,1,15,"coding"
"CBLB",53,45,8,0,1,15,"coding"
"CREBBP",345,89,256,0,1,15,"coding"
"DLG1",49,24,25,0,1,15,"coding"
"GRIK2",26,21,5,0,1,15,"coding"
"EP300",176,154,22,0,1,14,"coding"
"HTT",49,36,13,0,1,14,"coding"
"NUP98",50,43,7,0,1,14,"coding"
"RANBP2",67,57,10,0,1,14,"coding"
"TOPBP1",35,32,3,0,1,14,"coding"
"ARHGEF12",56,50,6,0,1,13,"coding"
"ATR",17,10,7,0,1,13,"coding"
"CASP8",56,35,21,0,1,13,"coding"
"ERBB2IP",42,40,2,0,1,13,"coding"
"FN1",92,74,18,0,1,13,"coding"
"GNAS",42,40,2,0,1,13,"coding"
"NOS1",19,13,6,0,1,13,"coding"
"PLCB1",35,31,4,0,1,13,"coding"
"PTPRF",64,60,4,0,1,13,"coding"
"ROBO2",27,24,3,0,1,13,"coding"
"ABCA1",65,58,7,0,1,12,"coding"
"CDKN1B",96,92,4,0,1,12,"coding"
"GRIN2B",65,61,4,0,1,12,"coding"
"HTATSF1",10,8,2,0,1,12,"coding"
"IKBKAP",32,29,3,0,1,12,"coding"
"JAK1",63,38,25,0,1,12,"coding"
"MYB",265,26,239,0,1,12,"coding"
"NID1",39,36,3,0,1,12,"coding"
"PTPRB",32,29,3,0,1,12,"coding"
"AP3B1",40,37,3,0,1,11,"coding"
"C3",49,39,10,0,1,11,"coding"
"GPRASP1",19,8,11,0,1,11,"coding"
"GPRASP2",16,9,7,0,1,11,"coding"
"INSR",65,41,24,0,1,11,"coding"
"MYLK",82,76,6,0,1,11,"coding"
"NLGN3",13,11,2,0,1,11,"coding"
"PRKCQ",13,8,5,0,1,11,"coding"
"RET",14,12,2,0,1,11,"coding"
"SMARCA4",52,26,26,0,1,11,"coding"
"TRIP12",40,38,2,0,1,11,"coding"
"XRN1",76,70,6,0,1,11,"coding"
"BMX",8,7,1,0,1,10,"coding"
"COL4A4",25,22,3,0,1,10,"coding"
"GRM1",19,16,3,0,1,10,"coding"
"ITSN1",58,50,8,0,1,10,"coding"
"MAGI2",33,28,5,0,1,10,"coding"
"SIN3A",70,63,7,0,1,10,"coding"
"UBR1",38,25,13,0,1,10,"coding"
"ACVR2A",45,44,1,0,1,9,"coding"
"APP",112,86,26,0,1,9,"coding"
"ATXN1",191,163,28,0,1,9,"coding"
"CDK5RAP1",8,6,2,0,1,9,"coding"
"CHUK",38,24,14,0,1,9,"coding"
"COL4A2",40,38,2,0,1,9,"coding"
"EWSR1",42,26,16,0,1,9,"coding"
"IL6ST",108,105,3,0,1,9,"coding"
"ITGB2",26,9,17,0,1,9,"coding"
"KIAA1377",33,16,17,0,1,9,"coding"
"MAGI3",27,25,2,0,1,9,"coding"
"NTRK1",12,3,9,0,1,9,"coding"
"PRKCE",44,35,9,0,1,9,"coding"
"RIMS1",17,16,1,0,1,9,"coding"
"RPS6KA3",82,73,9,0,1,9,"coding"
"SMARCC1",48,34,14,0,1,9,"coding"
"USP8",31,28,3,0,1,9,"coding"
"A2M",16,9,7,0,1,8,"coding"
"ABL1",77,49,28,0,1,8,"coding"
"ACIN1",29,27,2,0,1,8,"coding"
"ACTG1",52,40,12,0,1,8,"coding"
"ADAM19",42,40,2,0,1,8,"coding"
"ARHGEF7",35,28,7,0,1,8,"coding"
"BMPR2",113,100,13,0,1,8,"coding"
"CACHD1",20,19,1,0,1,8,"coding"
"CREB3L3",2,1,1,0,1,8,"coding"
"EEF1A1",50,40,10,0,1,8,"coding"
"ELN",21,20,1,0,1,8,"coding"
"ILF3",36,35,1,0,1,8,"coding"
"IRF3",33,15,18,0,1,8,"coding"
"KDR",53,32,21,0,1,8,"coding"
"KIT",46,23,23,0,1,8,"coding"
"MAPK8IP3",25,18,7,0,1,8,"coding"
"MAST2",14,12,2,0,1,8,"coding"
"MCM10",30,22,8,0,1,8,"coding"
"MYO5A",68,66,2,0,1,8,"coding"
"NOTCH1",46,38,8,0,1,8,"coding"
"NR1H2",62,12,50,0,1,8,"coding"
"PARD3",59,52,7,0,1,8,"coding"
"PDGFRB",41,18,23,0,1,8,"coding"
"PKP4",23,21,2,0,1,8,"coding"
"PLCG2",54,46,8,0,1,8,"coding"
"PLD1",32,29,3,0,1,8,"coding"
"POLR2B",24,23,1,0,1,8,"coding"
"PRKD2",28,24,4,0,1,8,"coding"
"PTK2",54,30,24,0,1,8,"coding"
"PTPN12",53,50,3,0,1,8,"coding"
"PTPRC",38,24,14,0,1,8,"coding"
"RAD50",26,23,3,0,1,8,"coding"
"RFC1",22,18,4,0,1,8,"coding"
"ROCK1",63,59,4,0,1,8,"coding"
"SOS2",38,34,4,0,1,8,"coding"
"SPTBN1",62,57,5,0,1,8,"coding"
"SYNCRIP",100,97,3,0,1,8,"coding"
"TEK",16,10,6,0,1,8,"coding"
"TGFBI",27,24,3,0,1,8,"coding"
"THBS1",121,110,11,0,1,8,"coding"
"TJP1",57,46,11,0,1,8,"coding"
"ACTN4",48,45,3,0,1,7,"coding"
"BCAR1",34,28,6,0,1,7,"coding"
"BTK",36,7,29,0,1,7,"coding"
"CHGB",6,4,2,0,1,7,"coding"
"CHM",14,13,1,0,1,7,"coding"
"CRMP1",28,20,8,0,1,7,"coding"
"CTNND1",58,55,3,0,1,7,"coding"
"DNM1",23,17,6,0,1,7,"coding"
"DPP4",17,11,6,0,1,7,"coding"
"FAF1",29,23,6,0,1,7,"coding"
"FEZ1",17,5,12,0,1,7,"coding"
"FMR1",49,46,3,0,1,7,"coding"
"IGF1R",186,170,16,0,1,7,"coding"
"IL16",13,9,4,0,1,7,"coding"
"ITGAV",43,33,10,0,1,7,"coding"
"JAK2",65,36,29,0,1,7,"coding"
"LNX1",21,10,11,0,1,7,"coding"
"MCM7",42,36,6,0,1,7,"coding"
"MEIS1",46,39,7,0,1,7,"coding"
"NMT1",27,26,1,0,1,7,"coding"
"NR5A2",20,14,6,0,1,7,"coding"
"PHC2",22,17,5,0,1,7,"coding"
"PIAS2",42,39,3,0,1,7,"coding"
"PIGR",27,26,1,0,1,7,"coding"
"PLA2G4A",34,26,8,0,1,7,"coding"
"PLCB2",4,3,1,0,1,7,"coding"
"POLR2A",78,68,10,0,1,7,"coding"
"PPARGC1A",66,65,1,0,1,7,"coding"
"PPFIA1",28,23,5,0,1,7,"coding"
"PRKCB",46,41,5,0,1,7,"coding"
"PRPF6",14,13,1,0,1,7,"coding"
"PTK2B",36,22,14,0,1,7,"coding"
"RFX1",37,30,7,0,1,7,"coding"
"RHOA",63,41,22,0,1,7,"coding"
"SOCS6",43,38,5,0,1,7,"coding"
"SPRED1",84,81,3,0,1,7,"coding"
"SPTBN4",22,18,4,0,1,7,"coding"
"TCERG1",43,40,3,0,1,7,"coding"
"TP53BP2",26,23,3,0,1,7,"coding"
"TRIM24",39,31,8,0,1,7,"coding"
"VAV1",34,25,9,0,1,7,"coding"
"WRN",44,42,2,0,1,7,"coding"
"WWP1",29,26,3,0,1,7,"coding"
"ACTN1",36,29,7,0,1,6,"coding"
"AP2A1",26,22,4,0,1,6,"coding"
"ARHGEF11",25,20,5,0,1,6,"coding"
"ATF7IP",110,88,22,0,1,6,"coding"
"AURKA",43,38,5,0,1,6,"coding"
"BLK",4,2,2,0,1,6,"coding"
"CHEK2",47,38,9,0,1,6,"coding"
"CIITA",16,14,2,0,1,6,"coding"
"CLTC",87,75,12,0,1,6,"coding"
"CNKSR1",6,4,2,0,1,6,"coding"
"COL4A3",20,17,3,0,1,6,"coding"
"DISC1",36,34,2,0,1,6,"coding"
"EBF1",258,35,223,0,1,6,"coding"
"EHMT2",16,15,1,0,1,6,"coding"
"FLI1",333,21,312,0,1,6,"coding"
"GNAZ",12,10,2,0,1,6,"coding"
"GNB2L1",40,36,4,0,1,6,"coding"
"HGS",31,17,14,0,1,6,"coding"
"HSPA8",65,55,10,0,1,6,"coding"
"HSPD1",32,29,3,0,1,6,"coding"
"IKBKB",18,15,3,0,1,6,"coding"
"IL4R",12,4,8,0,1,6,"coding"
"ITGA4",22,16,6,0,1,6,"coding"
"KIF5B",58,56,2,0,1,6,"coding"
"LYN",97,60,37,0,1,6,"coding"
"MAPK6",143,113,30,0,1,6,"coding"
"MBIP",11,7,4,0,1,6,"coding"
"MEF2A",108,49,59,0,1,6,"coding"
"MYBL2",67,18,49,0,1,6,"coding"
"NADSYN1",8,7,1,0,1,6,"coding"
"NCAM1",13,10,3,0,1,6,"coding"
"NCOA2",65,52,13,0,1,6,"coding"
"NEDD4",51,46,5,0,1,6,"coding"
"NEK9",59,58,1,0,1,6,"coding"
"NFKB2",74,11,63,0,1,6,"coding"
"PIK3CG",23,21,2,0,1,6,"coding"
"PIK3R3",55,49,6,0,1,6,"coding"
"PIP4K2C",31,28,3,0,1,6,"coding"
"POLA2",39,35,4,0,1,6,"coding"
"PPP3CA",38,29,9,0,1,6,"coding"
"PQBP1",12,10,2,0,1,6,"coding"
"PRKD1",36,27,9,0,1,6,"coding"
"RBL1",75,70,5,0,1,6,"coding"
"RGS4",25,22,3,0,1,6,"coding"
"RIPK1",15,11,4,0,1,6,"coding"
"SH3D19",44,43,1,0,1,6,"coding"
"SMURF2",70,53,17,0,1,6,"coding"
"STUB1",16,5,11,0,1,6,"coding"
"UBAP2L",37,34,3,0,1,6,"coding"
"UBQLN4",53,39,14,0,1,6,"coding"
"USP7",38,34,4,0,1,6,"coding"
"UTP14A",20,15,5,0,1,6,"coding"
"VCL",106,77,29,0,1,6,"coding"
"WAS",22,10,12,0,1,6,"coding"
"ACTB",104,90,14,0,1,5,"coding"
"ANXA1",18,10,8,0,1,5,"coding"
"ASCC2",21,19,2,0,1,5,"coding"
"BUB1B",11,9,2,0,1,5,"coding"
"CD22",11,10,1,0,1,5,"coding"
"DLL1",20,18,2,0,1,5,"coding"
"DLST",26,23,3,0,1,5,"coding"
"E2F1",433,51,382,0,1,5,"coding"
"EGFR",115,70,45,0,1,5,"coding"
"ERCC3",15,12,3,0,1,5,"coding"
"F10",8,5,3,0,1,5,"coding"
"FLT3LG",5,4,1,0,1,5,"coding"
"FXR2",30,24,6,0,1,5,"coding"
"GGA1",37,32,5,0,1,5,"coding"
"GHR",29,19,10,0,1,5,"coding"
"GOLGA2",25,18,7,0,1,5,"coding"
"HDAC1",61,47,14,0,1,5,"coding"
"HK3",5,4,1,0,1,5,"coding"
"HSP90AB1",38,36,2,0,1,5,"coding"
"HSPA5",43,38,5,0,1,5,"coding"
"HTR1A",6,5,1,0,1,5,"coding"
"IRAK1",40,25,15,0,1,5,"coding"
"IRS1",65,52,13,0,1,5,"coding"
"ITGB1",91,64,27,0,1,5,"coding"
"ITGB7",8,3,5,0,1,5,"coding"
"LRSAM1",16,12,4,0,1,5,"coding"
"LUC7L2",44,36,8,0,1,5,"coding"
"MAP2K1",61,49,12,0,1,5,"coding"
"MMP3",11,9,2,0,1,5,"coding"
"MYBBP1A",15,14,1,0,1,5,"coding"
"NFKB1",156,29,127,0,1,5,"coding"
"PKD2",26,24,2,0,1,5,"coding"
"PNN",34,28,6,0,1,5,"coding"
"PORCN",11,10,1,0,1,5,"coding"
"PRKG1",47,34,13,0,1,5,"coding"
"PRPF40A",75,58,17,0,1,5,"coding"
"PSEN2",13,7,6,0,1,5,"coding"
"RNF19A",37,30,7,0,1,5,"coding"
"SCARB1",15,12,3,0,1,5,"coding"
"SOS1",78,59,19,0,1,5,"coding"
"SOX10",18,5,13,0,1,5,"coding"
"SYK",55,27,28,0,1,5,"coding"
"TOP1",38,36,2,0,1,5,"coding"
"TRIM28",47,44,3,0,1,5,"coding"
"TRIM37",55,51,4,0,1,5,"coding"
"TRPC3",24,18,6,0,1,5,"coding"
"AP1M1",16,13,3,0,1,4,"coding"
"AP2B1",46,39,7,0,1,4,"coding"
"APOA1",11,5,6,0,1,4,"coding"
"ARNT",55,28,27,0,1,4,"coding"
"BRD7",32,30,2,0,1,4,"coding"
"BTRC",69,58,11,0,1,4,"coding"
"BUB1",45,39,6,0,1,4,"coding"
"CAMK2A",42,37,5,0,1,4,"coding"
"CAV1",96,70,26,0,1,4,"coding"
"CBL",101,73,28,0,1,4,"coding"
"CBX5",178,172,6,0,1,4,"coding"
"CCS",30,28,2,0,1,4,"coding"
"CD4",44,33,11,0,1,4,"coding"
"CD44",37,28,9,0,1,4,"coding"
"COL2A1",17,14,3,0,1,4,"coding"
"DCTN1",11,8,3,0,1,4,"coding"
"DTNB",8,6,2,0,1,4,"coding"
"EEF1D",47,41,6,0,1,4,"coding"
"ESRRG",48,43,5,0,1,4,"coding"
"ETS1",321,65,256,0,1,4,"coding"
"FAM46A",79,76,3,0,1,4,"coding"
"FGFR3",19,14,5,0,1,4,"coding"
"FURIN",26,24,2,0,1,4,"coding"
"GIT1",26,23,3,0,1,4,"coding"
"GNA11",26,20,6,0,1,4,"coding"
"HAND2",90,31,59,0,1,4,"coding"
"HIPK3",117,111,6,0,1,4,"coding"
"INPP5D",16,8,8,0,1,4,"coding"
"ITCH",38,35,3,0,1,4,"coding"
"KPNA2",55,52,3,0,1,4,"coding"
"KPNB1",80,67,13,0,1,4,"coding"
"KRT18",29,20,9,0,1,4,"coding"
"MAD2L1",15,11,4,0,1,4,"coding"
"MAGEA11",8,5,3,0,1,4,"coding"
"MAP3K7",73,65,8,0,1,4,"coding"
"MEGF10",6,4,2,0,1,4,"coding"
"MEOX2",24,23,1,0,1,4,"coding"
"MMP2",56,37,19,0,1,4,"coding"
"MPP3",9,8,1,0,1,4,"coding"
"NCF4",4,3,1,0,1,4,"coding"
"PAX3",27,26,1,0,1,4,"coding"
"PDCD6IP",37,25,12,0,1,4,"coding"
"PDLIM7",13,10,3,0,1,4,"coding"
"PKN1",15,13,2,0,1,4,"coding"
"PLAU",20,15,5,0,1,4,"coding"
"PRKACA",35,20,15,0,1,4,"coding"
"PRKCA",115,62,53,0,1,4,"coding"
"PTCD3",33,32,1,0,1,4,"coding"
"RAF1",79,60,19,0,1,4,"coding"
"SAFB",26,20,6,0,1,4,"coding"
"SFPQ",179,60,119,0,1,4,"coding"
"SH3GL1",21,15,6,0,1,4,"coding"
"SHC1",52,34,18,0,1,4,"coding"
"SIAH1",34,31,3,0,1,4,"coding"
"SMAD3",128,36,92,0,1,4,"coding"
"SMURF1",70,69,1,0,1,4,"coding"
"SNAP25",45,43,2,0,1,4,"coding"
"STX6",51,47,4,0,1,4,"coding"
"SYN1",11,8,3,0,1,4,"coding"
"SYNJ1",35,28,7,0,1,4,"coding"
"TCF3",389,27,362,0,1,4,"coding"
"TGFBR1",126,80,46,0,1,4,"coding"
"TGFBR2",103,91,12,0,1,4,"coding"
"TLE1",24,21,3,0,1,4,"coding"
"TMPO",52,48,4,0,1,4,"coding"
"TNFRSF1A",30,14,16,0,1,4,"coding"
"TRAF3",62,56,6,0,1,4,"coding"
"TRAF6",95,63,32,0,1,4,"coding"
"TRIM23",34,30,4,0,1,4,"coding"
"TTF2",41,34,7,0,1,4,"coding"
"U2AF2",29,27,2,0,1,4,"coding"
"UBE3A",51,48,3,0,1,4,"coding"
"WASL",77,67,10,0,1,4,"coding"
"WBP11",30,25,5,0,1,4,"coding"
"WT1",28,26,2,0,1,4,"coding"
"XRCC6",50,38,12,0,1,4,"coding"
"XRN2",15,11,4,0,1,4,"coding"
"ZBTB16",70,41,29,0,1,4,"coding"
"ZFYVE9",55,47,8,0,1,4,"coding"
"ZNF205",5,1,4,0,1,4,"coding"
"ACAP1",2,1,1,0,1,3,"coding"
"ACTA2",21,18,3,0,1,3,"coding"
"ADAM10",52,49,3,0,1,3,"coding"
"APPL1",58,51,7,0,1,3,"coding"
"B2M",28,27,1,0,1,3,"coding"
"BIRC2",28,17,11,0,1,3,"coding"
"BTBD10",21,20,1,0,1,3,"coding"
"CAPRIN1",68,67,1,0,1,3,"coding"
"CASP2",46,36,10,0,1,3,"coding"
"CASP9",25,22,3,0,1,3,"coding"
"CD38",14,12,2,0,1,3,"coding"
"CD3E",19,16,3,0,1,3,"coding"
"CD5",14,11,3,0,1,3,"coding"
"CDC37",44,38,6,0,1,3,"coding"
"CHMP2A",10,8,2,0,1,3,"coding"
"COIL",56,52,4,0,1,3,"coding"
"COPB1",26,20,6,0,1,3,"coding"
"COPS6",47,33,14,0,1,3,"coding"
"CSNK2A1",132,109,23,0,1,3,"coding"
"CTGF",48,46,2,0,1,3,"coding"
"CTNNB1",111,90,21,0,1,3,"coding"
"CXCR4",25,15,10,0,1,3,"coding"
"DLG3",28,18,10,0,1,3,"coding"
"DOK2",12,9,3,0,1,3,"coding"
"E2F3",196,89,107,0,1,3,"coding"
"EFEMP2",24,18,6,0,1,3,"coding"
"EFNA1",41,38,3,0,1,3,"coding"
"EIF2AK2",57,43,14,0,1,3,"coding"
"ETF1",38,37,1,0,1,3,"coding"
"FES",17,11,6,0,1,3,"coding"
"FGFR1",47,40,7,0,1,3,"coding"
"GABBR1",22,20,2,0,1,3,"coding"
"GNAI2",55,47,8,0,1,3,"coding"
"GOPC",31,23,8,0,1,3,"coding"
"GRK6",28,24,4,0,1,3,"coding"
"HAP1",26,24,2,0,1,3,"coding"
"HSP90AA1",103,81,22,0,1,3,"coding"
"ICAM3",8,5,3,0,1,3,"coding"
"IFNAR1",62,55,7,0,1,3,"coding"
"ILK",30,23,7,0,1,3,"coding"
"ITGA2B",4,3,1,0,1,3,"coding"
"JUN",325,47,278,0,1,3,"coding"
"LCP2",25,17,8,0,1,3,"coding"
"LGALS3",9,7,2,0,1,3,"coding"
"LNPEP",101,100,1,0,1,3,"coding"
"MAP3K2",123,120,3,0,1,3,"coding"
"MAPK8",95,88,7,0,1,3,"coding"
"MDM2",166,154,12,0,1,3,"coding"
"MELK",40,39,1,0,1,3,"coding"
"MICAL1",13,9,4,0,1,3,"coding"
"MID2",16,15,1,0,1,3,"coding"
"NBR1",20,18,2,0,1,3,"coding"
"PAFAH1B1",86,80,6,0,1,3,"coding"
"PDCD10",36,35,1,0,1,3,"coding"
"PHYHIP",28,23,5,0,1,3,"coding"
"PICK1",15,5,10,0,1,3,"coding"
"PNKP",7,5,2,0,1,3,"coding"
"PPP2CA",71,60,11,0,1,3,"coding"
"PRKAR2A",77,71,6,0,1,3,"coding"
"PSEN1",45,35,10,0,1,3,"coding"
"PSMD4",14,12,2,0,1,3,"coding"
"RAB11A",49,46,3,0,1,3,"coding"
"RAD23A",24,20,4,0,1,3,"coding"
"RCC1",23,19,4,0,1,3,"coding"
"RDX",62,57,5,0,1,3,"coding"
"RFX5",94,9,85,0,1,3,"coding"
"RINT1",10,8,2,0,1,3,"coding"
"RNF2",46,42,4,0,1,3,"coding"
"RPL5",21,20,1,0,1,3,"coding"
"RUVBL1",13,12,1,0,1,3,"coding"
"SDC1",29,26,3,0,1,3,"coding"
"SLC9A3R1",27,18,9,0,1,3,"coding"
"SNX9",53,52,1,0,1,3,"coding"
"STRN4",32,27,5,0,1,3,"coding"
"STX1A",14,10,4,0,1,3,"coding"
"STX4",43,37,6,0,1,3,"coding"
"SUFU",29,27,2,0,1,3,"coding"
"TAF4",29,24,5,0,1,3,"coding"
"TFDP1",36,32,4,0,1,3,"coding"
"TLR2",12,7,5,0,1,3,"coding"
"TNNT1",18,8,10,0,1,3,"coding"
"TRADD",22,12,10,0,1,3,"coding"
"TRAF4",18,15,3,0,1,3,"coding"
"TRAF5",13,11,2,0,1,3,"coding"
"TRIP6",19,14,5,0,1,3,"coding"
"TUBB",53,46,7,0,1,3,"coding"
"TXK",27,24,3,0,1,3,"coding"
"VDAC2",15,14,1,0,1,3,"coding"
"XAB2",9,4,5,0,1,3,"coding"
"XRCC5",48,42,6,0,1,3,"coding"
"YTHDC1",64,62,2,0,1,3,"coding"
"YWHAZ",161,119,42,0,1,3,"coding"
"ZAP70",30,3,27,0,1,3,"coding"
"ZBTB43",59,57,2,0,1,3,"coding"
"AKT1",64,53,11,0,1,2,"coding"
"ANXA7",49,36,13,0,1,2,"coding"
"APPBP2",52,50,2,0,1,2,"coding"
"ARF1",56,51,5,0,1,2,"coding"
"ARRB2",35,22,13,0,1,2,"coding"
"BAIAP2",8,6,2,0,1,2,"coding"
"BATF3",4,3,1,0,1,2,"coding"
"BIN1",15,11,4,0,1,2,"coding"
"C11orf58",29,24,5,0,1,2,"coding"
"C7orf25",10,7,3,0,1,2,"coding"
"CALCOCO2",29,25,4,0,1,2,"coding"
"CASP7",27,22,5,0,1,2,"coding"
"CBX1",38,35,3,0,1,2,"coding"
"CCL21",4,2,2,0,1,2,"coding"
"CCNE1",30,28,2,0,1,2,"coding"
"CCR3",13,5,8,0,1,2,"coding"
"CD2AP",69,66,3,0,1,2,"coding"
"CDK2",100,93,7,0,1,2,"coding"
"CDK5",24,17,7,0,1,2,"coding"
"CDKN2A",28,26,2,0,1,2,"coding"
"CREB1",575,108,467,0,1,2,"coding"
"CTTN",21,20,1,0,1,2,"coding"
"DAG1",33,29,4,0,1,2,"coding"
"DCN",23,15,8,0,1,2,"coding"
"DMPK",36,33,3,0,1,2,"coding"
"E2F6",294,35,259,0,1,2,"coding"
"EDA",7,6,1,0,1,2,"coding"
"EIF3F",25,21,4,0,1,2,"coding"
"EMD",23,19,4,0,1,2,"coding"
"F2RL2",25,21,4,0,1,2,"coding"
"FAS",39,27,12,0,1,2,"coding"
"GABARAP",25,19,6,0,1,2,"coding"
"GABPB1",97,90,7,0,1,2,"coding"
"GATA1",374,3,371,0,1,2,"coding"
"GBP2",13,11,2,0,1,2,"coding"
"GDI2",23,22,1,0,1,2,"coding"
"GGA3",45,41,4,0,1,2,"coding"
"GHRL",2,1,1,0,1,2,"coding"
"GNA12",38,29,9,0,1,2,"coding"
"GNAI1",40,29,11,0,1,2,"coding"
"GNB1",49,45,4,0,1,2,"coding"
"GRAP2",44,38,6,0,1,2,"coding"
"GRK5",27,22,5,0,1,2,"coding"
"GSK3B",152,111,41,0,1,2,"coding"
"GSN",21,16,5,0,1,2,"coding"
"HNRNPA1",95,89,6,0,1,2,"coding"
"HNRNPK",56,46,10,0,1,2,"coding"
"HOMER1",45,35,10,0,1,2,"coding"
"HRAS",46,25,21,0,1,2,"coding"
"ICAM1",27,23,4,0,1,2,"coding"
"ID2",31,27,4,0,1,2,"coding"
"IGSF21",6,5,1,0,1,2,"coding"
"IL12B",8,7,1,0,1,2,"coding"
"IL21",2,1,1,0,1,2,"coding"
"IL2RG",10,8,2,0,1,2,"coding"
"KCNA2",10,8,2,0,1,2,"coding"
"KHDRBS1",27,21,6,0,1,2,"coding"
"KLHL20",27,22,5,0,1,2,"coding"
"LCK",58,31,27,0,1,2,"coding"
"LSM5",15,10,5,0,1,2,"coding"
"LTA",4,2,2,0,1,2,"coding"
"MAP4K2",27,22,5,0,1,2,"coding"
"MAPK14",79,68,11,0,1,2,"coding"
"MAPK3",36,30,6,0,1,2,"coding"
"MAPK8IP2",19,15,4,0,1,2,"coding"
"MARK3",23,21,2,0,1,2,"coding"
"MBL2",22,21,1,0,1,2,"coding"
"MMP1",16,12,4,0,1,2,"coding"
"NEK2",12,8,4,0,1,2,"coding"
"NMI",11,10,1,0,1,2,"coding"
"NOL12",12,11,1,0,1,2,"coding"
"NOV",14,10,4,0,1,2,"coding"
"NR1D2",40,39,1,0,1,2,"coding"
"NR1H3",98,12,86,0,1,2,"coding"
"NUDT21",39,30,9,0,1,2,"coding"
"PBX1",206,35,171,0,1,2,"coding"
"PDPK1",97,84,13,0,1,2,"coding"
"PHC1",32,28,4,0,1,2,"coding"
"PIP5K1B",8,7,1,0,1,2,"coding"
"PLCB3",16,13,3,0,1,2,"coding"
"PLK1",44,27,17,0,1,2,"coding"
"PPM1A",61,56,5,0,1,2,"coding"
"PPP1R8",19,14,5,0,1,2,"coding"
"PPP2CB",22,21,1,0,1,2,"coding"
"PRKCZ",37,19,18,0,1,2,"coding"
"PTPN6",56,16,40,0,1,2,"coding"
"RABAC1",50,36,14,0,1,2,"coding"
"RAP1A",65,51,14,0,1,2,"coding"
"RPL8",16,14,2,0,1,2,"coding"
"SMAD5",74,65,9,0,1,2,"coding"
"SNAP23",37,29,8,0,1,2,"coding"
"SNRPD2",19,11,8,0,1,2,"coding"
"SPRY2",26,25,1,0,1,2,"coding"
"SSTR5",3,1,2,0,1,2,"coding"
"STK11",39,35,4,0,1,2,"coding"
"SYT1",34,28,6,0,1,2,"coding"
"TAF1C",8,5,3,0,1,2,"coding"
"TAF9",20,13,7,0,1,2,"coding"
"TGFB1",29,20,9,0,1,2,"coding"
"TICAM1",6,3,3,0,1,2,"coding"
"TICAM2",13,9,4,0,1,2,"coding"
"TRAF1",60,49,11,0,1,2,"coding"
"TRAP1",29,26,3,0,1,2,"coding"
"TUBG1",24,20,4,0,1,2,"coding"
"UBE2E3",28,27,1,0,1,2,"coding"
"UBQLN1",48,39,9,0,1,2,"coding"
"UBQLN2",25,23,2,0,1,2,"coding"
"VIM",64,52,12,0,1,2,"coding"
"WNT3A",8,6,2,0,1,2,"coding"
"YEATS4",13,12,1,0,1,2,"coding"
"YWHAB",114,94,20,0,1,2,"coding"
"AKAP10",35,31,4,0,1,1,"coding"
"ARHGDIA",68,65,3,0,1,1,"coding"
"ARNT2",12,11,1,0,1,1,"coding"
"ATXN1L",89,79,10,0,1,1,"coding"
"BAD",21,12,9,0,1,1,"coding"
"BAG1",14,10,4,0,1,1,"coding"
"BCL2A1",4,3,1,0,1,1,"coding"
"BCL2L1",43,38,5,0,1,1,"coding"
"BLNK",13,10,3,0,1,1,"coding"
"BSG",14,13,1,0,1,1,"coding"
"C8orf33",41,38,3,0,1,1,"coding"
"CAMK1",9,6,3,0,1,1,"coding"
"CASP3",87,55,32,0,1,1,"coding"
"CCDC90B",18,15,3,0,1,1,"coding"
"CCL19",7,4,3,0,1,1,"coding"
"CCR5",35,28,7,0,1,1,"coding"
"CDC20",21,18,3,0,1,1,"coding"
"CDC25A",59,57,2,0,1,1,"coding"
"CDC34",23,22,1,0,1,1,"coding"
"CDH5",30,25,5,0,1,1,"coding"
"CDK4",74,62,12,0,1,1,"coding"
"CDKN1A",139,127,12,0,1,1,"coding"
"CRK",140,114,26,0,1,1,"coding"
"CRKL",109,89,20,0,1,1,"coding"
"CSNK2A2",31,21,10,0,1,1,"coding"
"CTBP1",46,39,7,0,1,1,"coding"
"CTBP2",30,27,3,0,1,1,"coding"
"CTSD",19,13,6,0,1,1,"coding"
"CTSG",9,4,5,0,1,1,"coding"
"DBP",5,4,1,0,1,1,"coding"
"DIABLO",19,16,3,0,1,1,"coding"
"DLG4",45,21,24,0,1,1,"coding"
"DVL3",60,57,3,0,1,1,"coding"
"DYNLT3",12,8,4,0,1,1,"coding"
"EEF1G",33,17,16,0,1,1,"coding"
"ELK4",123,96,27,0,1,1,"coding"
"EXOSC4",16,6,10,0,1,1,"coding"
"EZR",34,28,6,0,1,1,"coding"
"GAPDH",45,31,14,0,1,1,"coding"
"GATA2",166,13,153,0,1,1,"coding"
"GC",4,3,1,0,1,1,"coding"
"GGA2",51,43,8,0,1,1,"coding"
"GIPC1",24,18,6,0,1,1,"coding"
"GNA13",74,62,12,0,1,1,"coding"
"GNAI3",45,35,10,0,1,1,"coding"
"GNAQ",60,48,12,0,1,1,"coding"
"GOLM1",15,12,3,0,1,1,"coding"
"GPS1",21,15,6,0,1,1,"coding"
"H3F3A",19,18,1,0,1,1,"coding"
"HCK",32,24,8,0,1,1,"coding"
"ID3",36,32,4,0,1,1,"coding"
"IGFBP3",42,37,5,0,1,1,"coding"
"KLRD1",28,27,1,0,1,1,"coding"
"KPNA1",80,79,1,0,1,1,"coding"
"LAT",19,8,11,0,1,1,"coding"
"LIMS1",67,62,5,0,1,1,"coding"
"LRPAP1",45,43,2,0,1,1,"coding"
"LSM4",25,19,6,0,1,1,"coding"
"MAPK1",196,171,25,0,1,1,"coding"
"MAPKAPK2",21,19,2,0,1,1,"coding"
"MEST",15,12,3,0,1,1,"coding"
"MPP6",42,39,3,0,1,1,"coding"
"MYD88",27,20,7,0,1,1,"coding"
"MYOC",6,3,3,0,1,1,"coding"
"NDN",18,15,3,0,1,1,"coding"
"NGFR",36,26,10,0,1,1,"coding"
"NPPA",3,2,1,0,1,1,"coding"
"NPY",2,1,1,0,1,1,"coding"
"NR5A1",5,3,2,0,1,1,"coding"
"NUDT18",22,17,5,0,1,1,"coding"
"NUDT3",87,79,8,0,1,1,"coding"
"POLR3F",41,39,2,0,1,1,"coding"
"PPP2R5A",20,16,4,0,1,1,"coding"
"PRKCI",26,21,5,0,1,1,"coding"
"PSTPIP1",13,12,1,0,1,1,"coding"
"PTMA",57,47,10,0,1,1,"coding"
"PTN",19,5,14,0,1,1,"coding"
"PTPN11",93,53,40,0,1,1,"coding"
"RAB27A",27,23,4,0,1,1,"coding"
"RABGGTB",17,15,2,0,1,1,"coding"
"RAN",63,58,5,0,1,1,"coding"
"RAP2A",34,27,7,0,1,1,"coding"
"RPP14",96,95,1,0,1,1,"coding"
"RPS10",19,16,3,0,1,1,"coding"
"RYK",27,25,2,0,1,1,"coding"
"SFN",11,9,2,0,1,1,"coding"
"SH3GL3",9,4,5,0,1,1,"coding"
"SHC3",32,30,2,0,1,1,"coding"
"SHH",29,28,1,0,1,1,"coding"
"SKP1",38,35,3,0,1,1,"coding"
"SMAD1",171,25,146,0,1,1,"coding"
"SMAD7",65,58,7,0,1,1,"coding"
"SNAPIN",31,26,5,0,1,1,"coding"
"SNRNP70",21,16,5,0,1,1,"coding"
"SOD1",8,7,1,0,1,1,"coding"
"SOX8",9,6,3,0,1,1,"coding"
"SRC",76,36,40,0,1,1,"coding"
"SRF",241,23,218,0,1,1,"coding"
"SYT7",68,66,2,0,1,1,"coding"
"TGFA",33,31,2,0,1,1,"coding"
"TK1",68,46,22,0,1,1,"coding"
"TNFRSF10B",84,79,5,0,1,1,"coding"
"TNFSF13",6,5,1,0,1,1,"coding"
"TNFSF8",7,6,1,0,1,1,"coding"
"TNK2",30,28,2,0,1,1,"coding"
"TRAF2",83,21,62,0,1,1,"coding"
"TUBA4A",20,15,5,0,1,1,"coding"
"UNC119",31,12,19,0,1,1,"coding"
"VAMP2",25,22,3,0,1,1,"coding"
"VDAC1",19,16,3,0,1,1,"coding"
"YAP1",59,56,3,0,1,1,"coding"
"YWHAG",207,161,46,0,1,1,"coding"
"ZNF512B",70,65,5,0,1,1,"coding"
"ZW10",8,7,1,0,1,1,"coding"
"ACVR1",76,55,21,0,1,NA,"coding"
"ADCYAP1",25,23,2,0,1,NA,"coding"
"APOE",10,4,6,0,1,NA,"coding"
"ARHGAP8",3,2,1,0,1,NA,"coding"
"ARPC3",21,19,2,0,1,NA,"coding"
"ATP5J2",10,8,2,0,1,NA,"coding"
"AVP",4,2,2,0,1,NA,"coding"
"BCL2",82,71,11,0,1,NA,"coding"
"BNIP3L",36,31,5,0,1,NA,"coding"
"C14orf1",25,19,6,0,1,NA,"coding"
"CABP1",7,6,1,0,1,NA,"coding"
"CALM1",60,52,8,0,1,NA,"coding"
"CAMLG",26,23,3,0,1,NA,"coding"
"CAPNS1",27,23,4,0,1,NA,"coding"
"CCDC85B",68,56,12,0,1,NA,"coding"
"CCL25",2,1,1,0,1,NA,"coding"
"CD247",23,9,14,0,1,NA,"coding"
"CD79A",10,5,5,0,1,NA,"coding"
"CDC42",61,38,23,0,1,NA,"coding"
"CDK9",27,22,5,0,1,NA,"coding"
"CHMP1B",52,50,2,0,1,NA,"coding"
"CIB1",7,4,3,0,1,NA,"coding"
"CNOT7",42,38,4,0,1,NA,"coding"
"CSK",32,24,8,0,1,NA,"coding"
"CSNK2B",67,28,39,0,1,NA,"coding"
"CXCL13",7,6,1,0,1,NA,"coding"
"DHFR",12,10,2,0,1,NA,"coding"
"DLEU1",24,22,2,0,1,NA,"coding"
"DPY30",11,10,1,0,1,NA,"coding"
"DUSP23",11,6,5,0,1,NA,"coding"
"DYNLL1",32,22,10,0,1,NA,"coding"
"E2F2",93,82,11,0,1,NA,"coding"
"EBI3",13,12,1,0,1,NA,"coding"
"EIF4EBP1",44,40,4,0,1,NA,"coding"
"EVL",11,8,3,0,1,NA,"coding"
"FCER1G",10,4,6,0,1,NA,"coding"
"FKBP1A",36,35,1,0,1,NA,"coding"
"FYN",115,77,38,0,1,NA,"coding"
"GABARAPL2",6,5,1,0,1,NA,"coding"
"GADD45G",22,13,9,0,1,NA,"coding"
"GAS1",34,32,2,0,1,NA,"coding"
"GDNF",57,55,2,0,1,NA,"coding"
"GRB2",93,67,26,0,1,NA,"coding"
"H2AFX",45,40,5,0,1,NA,"coding"
"HOXB7",8,6,2,0,1,NA,"coding"
"HSPA1A",35,30,5,0,1,NA,"coding"
"HSPBP1",8,6,2,0,1,NA,"coding"
"IGF2",52,47,5,0,1,NA,"coding"
"IKBKG",44,39,5,0,1,NA,"coding"
"KCTD15",52,51,1,0,1,NA,"coding"
"LEF1",30,19,11,0,1,NA,"coding"
"LSM2",11,6,5,0,1,NA,"coding"
"LTB",17,15,2,0,1,NA,"coding"
"M6PR",24,23,1,0,1,NA,"coding"
"MAFG",42,37,5,0,1,NA,"coding"
"MAP1LC3B",43,40,3,0,1,NA,"coding"
"MDFI",43,40,3,0,1,NA,"coding"
"MED31",10,8,2,0,1,NA,"coding"
"MVD",6,5,1,0,1,NA,"coding"
"NEDD8",12,5,7,0,1,NA,"coding"
"NFYA",261,53,208,0,1,NA,"coding"
"NME1",24,22,2,0,1,NA,"coding"
"PBX2",25,21,4,0,1,NA,"coding"
"PFN1",60,52,8,0,1,NA,"coding"
"PFN2",57,54,3,0,1,NA,"coding"
"PIN1",63,47,16,0,1,NA,"coding"
"PLSCR1",48,35,13,0,1,NA,"coding"
"POLE4",11,10,1,0,1,NA,"coding"
"POLR2E",25,21,4,0,1,NA,"coding"
"POMC",7,4,3,0,1,NA,"coding"
"PPP1CA",29,23,6,0,1,NA,"coding"
"PRMT1",23,14,9,0,1,NA,"coding"
"PRSS23",28,26,2,0,1,NA,"coding"
"RAB5B",75,71,4,0,1,NA,"coding"
"RAC1",54,45,9,0,1,NA,"coding"
"RAMP1",3,2,1,0,1,NA,"coding"
"RAP1GAP",7,6,1,0,1,NA,"coding"
"RASSF1",16,10,6,0,1,NA,"coding"
"RBL2",36,32,4,0,1,NA,"coding"
"RHOG",25,21,4,0,1,NA,"coding"
"RING1",14,11,3,0,1,NA,"coding"
"RIT1",17,15,2,0,1,NA,"coding"
"RNF11",119,100,19,0,1,NA,"coding"
"RNF4",32,31,1,0,1,NA,"coding"
"RPLP1",42,35,7,0,1,NA,"coding"
"RRAS2",38,32,6,0,1,NA,"coding"
"SAA1",13,11,2,0,1,NA,"coding"
"SDCBP",33,28,5,0,1,NA,"coding"
"SGTA",12,8,4,0,1,NA,"coding"
"SIAH2",23,22,1,0,1,NA,"coding"
"SIGIRR",9,7,2,0,1,NA,"coding"
"SLC9A3R2",30,22,8,0,1,NA,"coding"
"SMN1",46,18,28,0,1,NA,"coding"
"SNIP1",61,57,4,0,1,NA,"coding"
"SUMO2",40,35,5,0,1,NA,"coding"
"SYNJ2BP",58,55,3,0,1,NA,"coding"
"TAF10",22,13,9,0,1,NA,"coding"
"TNF",13,12,1,0,1,NA,"coding"
"TNFRSF13C",76,74,2,0,1,NA,"coding"
"TNFRSF14",17,10,7,0,1,NA,"coding"
"TNFRSF4",5,1,4,0,1,NA,"coding"
"TNFSF11",24,19,5,0,1,NA,"coding"
"TNFSF12",3,2,1,0,1,NA,"coding"
"TYROBP",6,4,2,0,1,NA,"coding"
"VDR",110,27,83,0,1,NA,"coding"
"VHL",47,41,6,0,1,NA,"coding"
"WNT1",18,16,2,0,1,NA,"coding"
"YWHAH",47,45,2,0,1,NA,"coding"
"YWHAQ",75,64,11,0,1,NA,"coding"
