"Name","K","Kin","Kout","TypeI","TypeII"
"ANXA7",65,52,13,0,1
"TK1",82,56,26,0,1
"A2M",12,4,8,0,1
"C11orf58",35,33,2,0,1
"MYOC",22,8,14,0,1
"RPP14",70,69,1,0,1
"TGFBI",27,24,3,0,1
"GABARAPL2",15,13,2,0,1
"MAP1LC3B",49,44,5,0,1
"MDFI",49,45,4,0,1
"RB1",125,106,19,0,1
"ABCA1",49,44,5,0,1
"MPP6",25,21,4,0,1
"STX1A",26,19,7,0,1
"ABCF3",27,26,1,0,1
"ABL1",60,45,15,0,1
"NIN",36,33,3,0,1
"KRT15",29,25,4,0,1
"BCAR1",35,27,8,0,1
"CRK",129,111,18,0,1
"HCK",38,26,12,0,1
"MDM2",138,129,9,0,1
"YWHAB",95,79,16,0,1
"YWHAE",73,60,13,0,1
"YWHAZ",175,140,35,0,1
"ABL2",97,94,3,0,1
"CALCOCO2",58,49,9,0,1
"VIM",100,75,25,0,1
"YWHAG",215,180,35,0,1
"CSNK2A1",143,118,25,0,1
"CSNK2A2",34,28,6,0,1
"FBLN1",16,11,5,0,1
"FBLN2",29,24,5,0,1
"APP",130,99,31,0,1
"ACIN1",33,30,3,0,1
"ACP1",35,29,6,0,1
"CTNNB1",110,88,22,0,1
"FYN",125,79,46,0,1
"INSR",77,48,29,0,1
"ACTA1",28,17,11,0,1
"GSN",28,25,3,0,1
"PAK1",47,36,11,0,1
"PRKCE",47,36,11,0,1
"S100A4",6,5,1,0,1
"CFL1",24,19,5,0,1
"ACTB",104,91,13,0,1
"BCL2L1",56,50,6,0,1
"CDKN1A",99,92,7,0,1
"EMD",18,16,2,0,1
"H2AFX",47,42,5,0,1
"LMNA",22,19,3,0,1
"ACTC1",17,10,7,0,1
"DYNLL1",34,24,10,0,1
"GAPDH",57,43,14,0,1
"PDPK1",106,99,7,0,1
"WIPF1",25,22,3,0,1
"ATF7IP",92,80,12,0,1
"PFN2",62,52,10,0,1
"PIP4K2C",40,36,4,0,1
"PLD1",24,20,4,0,1
"ARHGDIA",61,59,2,0,1
"POLR2A",78,68,10,0,1
"ACTN1",43,34,9,0,1
"CDK5",31,24,7,0,1
"SLC2A4",31,29,2,0,1
"ACTN4",53,46,7,0,1
"DCTN1",16,12,4,0,1
"CHD3",63,51,12,0,1
"CDC42",62,44,18,0,1
"CDH1",49,35,14,0,1
"ACVR1",37,29,8,0,1
"RAB25",11,9,2,0,1
"ACVR2A",63,60,3,0,1
"GDF9",23,9,14,0,1
"SNX1",45,40,5,0,1
"SYNJ2BP",73,69,4,0,1
"TGFB1",33,23,10,0,1
"TGFBR2",110,100,10,0,1
"XIAP",189,179,10,0,1
"ADAM10",58,57,1,0,1
"TGFA",42,39,3,0,1
"FN1",83,66,17,0,1
"PRKACA",67,34,33,0,1
"PRKCZ",50,32,18,0,1
"VIPR1",12,9,3,0,1
"CALM1",125,101,24,0,1
"PRKCD",61,38,23,0,1
"ADIPOQ",16,15,1,0,1
"APPL1",55,49,6,0,1
"EPB41L2",27,21,6,0,1
"GNAI2",66,56,10,0,1
"GNAZ",15,12,3,0,1
"EZR",49,35,14,0,1
"SLC9A3R2",34,25,9,0,1
"FLNC",20,17,3,0,1
"AP2M1",37,29,8,0,1
"SNTB1",21,18,3,0,1
"GNAI1",58,41,17,0,1
"EIF2B1",16,13,3,0,1
"DLG4",63,33,30,0,1
"GPRASP2",21,12,9,0,1
"MAGI3",42,40,2,0,1
"SH3GL3",12,5,7,0,1
"ADRB2",24,15,9,0,1
"GRK5",40,34,6,0,1
"GRK6",33,29,4,0,1
"SLC9A3R1",35,22,13,0,1
"SRC",126,70,56,0,1
"ADRBK1",39,31,8,0,1
"CAV1",93,67,26,0,1
"GIT1",42,29,13,0,1
"GTF2E1",20,18,2,0,1
"HMGB1",128,125,3,0,1
"MLLT1",35,34,1,0,1
"SGSM2",31,25,6,0,1
"UBE3A",60,55,5,0,1
"CCDC85B",55,46,9,0,1
"BRD7",35,32,3,0,1
"MED31",30,27,3,0,1
"AGT",8,4,4,0,1
"AGTR1",13,4,9,0,1
"EWSR1",53,34,19,0,1
"JAK2",46,27,19,0,1
"NOS3",9,7,2,0,1
"RAF1",85,64,21,0,1
"EP300",149,136,13,0,1
"NCOA2",87,74,13,0,1
"TAF4",38,32,6,0,1
"AK5",4,3,1,0,1
"PPP1CA",36,30,6,0,1
"PRKAR2A",76,70,6,0,1
"AKAP10",37,34,3,0,1
"PRKAR1A",62,47,15,0,1
"GSK3B",131,100,31,0,1
"FHL1",29,25,4,0,1
"AKAP9",37,33,4,0,1
"AKT1",74,48,26,0,1
"ATXN1",153,124,29,0,1
"BAD",19,11,8,0,1
"CASP3",97,57,40,0,1
"CHUK",52,40,12,0,1
"HTT",48,40,8,0,1
"IKBKB",45,34,11,0,1
"PPP2CA",86,77,9,0,1
"PTEN",85,80,5,0,1
"HSP90AA1",105,78,27,0,1
"C14orf1",45,38,7,0,1
"IGSF21",8,6,2,0,1
"UNC119",42,25,17,0,1
"XRN1",59,55,4,0,1
"ATXN1L",92,84,8,0,1
"PTN",27,12,15,0,1
"SSSCA1",10,9,1,0,1
"DNM1",22,16,6,0,1
"MAPK6",138,107,31,0,1
"TEK",18,10,8,0,1
"ANK1",53,47,6,0,1
"NFASC",58,56,2,0,1
"ANK2",33,29,4,0,1
"L1CAM",20,15,5,0,1
"LRP2",27,14,13,0,1
"AURKB",22,20,2,0,1
"ANXA1",21,13,8,0,1
"ANXA11",35,34,1,0,1
"S100A6",5,4,1,0,1
"MAP3K4",38,33,5,0,1
"EED",46,40,6,0,1
"APLP1",19,14,5,0,1
"CCDC90B",14,12,2,0,1
"CDK4",80,70,10,0,1
"RPL13",13,9,4,0,1
"SETDB1",71,55,16,0,1
"AP1M1",30,22,8,0,1
"AP2B1",56,47,9,0,1
"DVL2",33,22,11,0,1
"FXR2",31,24,7,0,1
"AP2A1",21,16,5,0,1
"BIN1",16,12,4,0,1
"MEGF10",9,7,2,0,1
"CLTC",83,70,13,0,1
"CSNK1A1",88,82,6,0,1
"APAF1",59,56,3,0,1
"HSPA1A",37,30,7,0,1
"APBA1",36,31,5,0,1
"KCNJ12",36,33,3,0,1
"PSEN1",50,31,19,0,1
"STXBP1",25,21,4,0,1
"CLSTN1",65,62,3,0,1
"CTBP1",39,33,6,0,1
"APCS",6,1,5,0,1
"COL4A1",73,67,6,0,1
"APEX1",47,41,6,0,1
"HDAC1",88,69,19,0,1
"PCNA",63,58,5,0,1
"UBE2I",81,68,13,0,1
"ING5",41,37,4,0,1
"HSP90B1",70,66,4,0,1
"APOE",9,3,6,0,1
"LRP1",53,38,15,0,1
"CASP8",48,30,18,0,1
"HSPG2",33,27,6,0,1
"NID1",41,38,3,0,1
"PSEN2",24,13,11,0,1
"PIK3CA",60,50,10,0,1
"APTX",40,37,3,0,1
"EFEMP2",24,21,3,0,1
"CREBBP",411,106,305,0,1
"GTF2H1",42,37,5,0,1
"MED1",62,57,5,0,1
"MED14",41,40,1,0,1
"SMAD3",126,29,97,0,1
"SP1",499,117,382,0,1
"TRIM24",49,41,8,0,1
"XRCC6",59,43,16,0,1
"UBQLN4",85,53,32,0,1
"COPB1",35,30,5,0,1
"EEF1G",48,22,26,0,1
"PICK1",16,5,11,0,1
"TMED2",33,31,2,0,1
"ARF6",63,58,5,0,1
"ARRB1",45,29,16,0,1
"PRPF40A",79,62,17,0,1
"ARHGAP1",41,37,4,0,1
"RASA1",73,57,16,0,1
"RAC1",90,68,22,0,1
"RHOA",78,64,14,0,1
"SMURF2",53,40,13,0,1
"CBX5",153,148,5,0,1
"RAC2",10,5,5,0,1
"RAC3",12,9,3,0,1
"RHOH",19,16,3,0,1
"ARHGEF11",14,11,3,0,1
"GNA12",40,34,6,0,1
"PLXNB3",8,3,5,0,1
"CD44",37,30,7,0,1
"GNA13",56,46,10,0,1
"IGF1R",181,160,21,0,1
"ARHGEF7",45,39,6,0,1
"TUBB3",12,7,5,0,1
"SMARCA4",51,25,26,0,1
"SMARCE1",45,40,5,0,1
"TP53",399,95,304,0,1
"HDAC2",61,55,6,0,1
"SIN3A",68,63,5,0,1
"UBR1",34,29,5,0,1
"ARL4D",23,21,2,0,1
"WAS",23,11,12,0,1
"CD2AP",79,73,6,0,1
"HNRNPA1",138,135,3,0,1
"MAPK1",184,163,21,0,1
"MAPK3",59,47,12,0,1
"ARRB2",29,16,13,0,1
"HIPK3",97,94,3,0,1
"MED8",35,31,4,0,1
"SH3KBP1",49,46,3,0,1
"RAN",74,69,5,0,1
"ASCC2",22,17,5,0,1
"ASF1A",43,41,2,0,1
"H3F3A",20,18,2,0,1
"ASGR1",12,11,1,0,1
"ATF1",100,22,78,0,1
"CREB1",396,83,313,0,1
"GABPA",266,25,241,0,1
"SPI1",373,18,355,0,1
"JUN",182,30,152,0,1
"CDC34",25,23,2,0,1
"LUC7L2",62,53,9,0,1
"STK11",33,29,4,0,1
"TOPBP1",37,34,3,0,1
"WRN",41,38,3,0,1
"XRCC5",48,42,6,0,1
"ATN1",64,38,26,0,1
"CBFA2T2",49,47,2,0,1
"LYST",23,21,2,0,1
"RBPMS",44,39,5,0,1
"SUMO2",55,47,8,0,1
"TRIP6",22,15,7,0,1
"WWP1",28,25,3,0,1
"BCL2",70,58,12,0,1
"CAMK2A",28,27,1,0,1
"ATP2B4",68,66,2,0,1
"RASSF1",19,14,5,0,1
"PSME3",66,60,6,0,1
"ATP5J2",6,5,1,0,1
"MARK3",22,20,2,0,1
"ATR",15,10,5,0,1
"EZH2",247,36,211,0,1
"CCNK",38,32,6,0,1
"CDK6",118,107,11,0,1
"COIL",65,58,7,0,1
"DAZAP2",92,84,8,0,1
"USP7",41,37,4,0,1
"PSMD7",26,23,3,0,1
"RAD23A",21,17,4,0,1
"RAD23B",81,80,1,0,1
"RNF11",128,115,13,0,1
"AURKA",44,39,5,0,1
"NME1",26,22,4,0,1
"AXIN1",32,20,12,0,1
"DVL3",80,76,4,0,1
"JUP",33,27,6,0,1
"PPP2CB",29,28,1,0,1
"SH3GL1",24,18,6,0,1
"UTP14A",32,23,9,0,1
"AXL",31,25,6,0,1
"NCK2",49,34,15,0,1
"PIK3R2",51,40,11,0,1
"PTPN11",80,55,25,0,1
"SOCS1",33,26,7,0,1
"B2M",38,36,2,0,1
"EXOSC10",29,15,14,0,1
"MAPK8",117,110,7,0,1
"SFN",18,16,2,0,1
"YWHAQ",76,61,15,0,1
"BAG1",10,6,4,0,1
"BAIAP2",14,9,5,0,1
"MAGI1",24,17,7,0,1
"SHANK1",14,4,10,0,1
"HAP1",53,48,5,0,1
"IKBKAP",36,33,3,0,1
"MAP3K7",77,69,8,0,1
"CASP1",12,8,4,0,1
"NEDD9",19,17,2,0,1
"CASP9",34,25,9,0,1
"MAPK14",82,73,9,0,1
"PIN1",48,33,15,0,1
"BEGAIN",24,17,7,0,1
"TRIM27",40,36,4,0,1
"LMO2",19,16,3,0,1
"CSNK2B",41,15,26,0,1
"BIRC2",25,15,10,0,1
"CASP7",21,15,6,0,1
"UBB",38,23,15,0,1
"BIRC5",46,42,4,0,1
"BLOC1S2",26,25,1,0,1
"BMI1",62,58,4,0,1
"RING1",11,9,2,0,1
"RNF2",38,35,3,0,1
"BMPR2",79,67,12,0,1
"TGFBR1",103,70,33,0,1
"GNB5",36,33,3,0,1
"ROBO2",38,35,3,0,1
"YWHAH",63,58,5,0,1
"BRCA2",22,16,6,0,1
"CDK2",92,84,8,0,1
"CDK7",17,13,4,0,1
"CTBP2",49,46,3,0,1
"E2F1",400,42,358,0,1
"KPNA1",69,68,1,0,1
"MED21",35,33,2,0,1
"NFYA",226,50,176,0,1
"RBBP4",71,64,7,0,1
"BRF1",10,8,2,0,1
"RBL2",33,29,4,0,1
"CDC25C",14,10,4,0,1
"ERBB2",65,41,24,0,1
"BTF3",17,16,1,0,1
"BTK",30,8,22,0,1
"GRB2",128,76,52,0,1
"LYN",80,48,32,0,1
"MYD88",24,17,7,0,1
"PRKCB",27,21,6,0,1
"SYK",58,22,36,0,1
"BTRC",69,57,12,0,1
"SKP1",56,51,5,0,1
"SUFU",38,36,2,0,1
"PLK1",46,35,11,0,1
"BUB1B",11,9,2,0,1
"CBX1",45,39,6,0,1
"POLR3F",50,47,3,0,1
"TSNAX",20,18,2,0,1
"GOLM1",38,36,2,0,1
"DCN",20,15,5,0,1
"C1QBP",28,21,7,0,1
"C3",48,38,10,0,1
"COPS6",53,34,19,0,1
"PLG",10,5,5,0,1
"CEP70",23,18,5,0,1
"DAXX",25,18,7,0,1
"TUBA4A",28,18,10,0,1
"EGFR",89,55,34,0,1
"CALR",92,84,8,0,1
"LCK",65,31,34,0,1
"LPL",25,20,5,0,1
"PDIA3",17,15,2,0,1
"SLC2A1",53,50,3,0,1
"TRAF6",63,42,21,0,1
"PLCB3",22,19,3,0,1
"CANX",91,81,10,0,1
"CAPN1",31,19,12,0,1
"CBL",65,54,11,0,1
"CDK5R1",57,52,5,0,1
"CAPNS1",24,21,3,0,1
"PTPN1",49,38,11,0,1
"RAB1A",67,65,2,0,1
"TRAF1",77,61,16,0,1
"CASK",57,47,10,0,1
"PARK2",24,19,5,0,1
"CASP10",33,29,4,0,1
"EEF1A1",85,59,26,0,1
"EIF2AK2",52,42,10,0,1
"TOP1",33,32,1,0,1
"CASP4",10,6,4,0,1
"SUMO1",89,84,5,0,1
"MAP2K1",68,60,8,0,1
"SUMO4",6,2,4,0,1
"HRAS",41,24,17,0,1
"ILK",38,31,7,0,1
"IRS1",84,70,14,0,1
"PTPRF",92,87,5,0,1
"SOS1",70,53,17,0,1
"ITCH",28,26,2,0,1
"PSMC1",17,14,3,0,1
"SPRY2",21,20,1,0,1
"MED9",12,9,3,0,1
"MPP3",13,12,1,0,1
"PFDN1",19,13,6,0,1
"POLR2L",11,8,3,0,1
"HNRNPH3",26,22,4,0,1
"MMP3",12,11,1,0,1
"CCR1",12,11,1,0,1
"VCAN",68,59,9,0,1
"IGFBP7",24,22,2,0,1
"DPP4",10,5,5,0,1
"SRGN",28,24,4,0,1
"CCR3",9,5,4,0,1
"CCR5",28,21,7,0,1
"FEZ1",21,5,16,0,1
"RBL1",74,71,3,0,1
"CDC25A",73,69,4,0,1
"ERCC3",20,17,3,0,1
"CDK9",24,16,8,0,1
"CD4",34,22,12,0,1
"PTK2B",35,19,16,0,1
"TXK",25,23,2,0,1
"SOD1",13,12,1,0,1
"HDAC3",34,25,9,0,1
"ITGB2",27,8,19,0,1
"CD22",11,8,3,0,1
"CD1D",15,11,4,0,1
"PTPRC",24,16,8,0,1
"CD5",10,8,2,0,1
"CD244",6,4,2,0,1
"LAT",21,8,13,0,1
"GAB2",46,42,4,0,1
"JAK3",24,15,9,0,1
"TRAF2",73,16,57,0,1
"TRAF5",33,29,4,0,1
"GRAP2",42,34,8,0,1
"PIK3CG",25,22,3,0,1
"PKD2",11,9,2,0,1
"ITGB1",92,69,23,0,1
"ITGB3",71,54,17,0,1
"CD3E",18,13,5,0,1
"CTSD",15,11,4,0,1
"IL16",10,7,3,0,1
"PIK3R1",119,79,40,0,1
"LLGL1",35,34,1,0,1
"ITGAV",37,30,7,0,1
"PTK2",55,31,24,0,1
"CD48",11,8,3,0,1
"SDCBP",49,39,10,0,1
"KIT",51,33,18,0,1
"SHC1",66,34,32,0,1
"KPNB1",75,66,9,0,1
"PTTG1",10,9,1,0,1
"CDC37",41,36,5,0,1
"SAFB",20,15,5,0,1
"PARD3",44,34,10,0,1
"STAU1",53,47,6,0,1
"TNK2",29,27,2,0,1
"ERBB2IP",47,45,2,0,1
"CDH5",34,26,8,0,1
"NOL12",10,9,1,0,1
"CDK5RAP1",11,9,2,0,1
"CDK5RAP2",16,12,4,0,1
"GATA2",213,15,198,0,1
"SOX10",20,10,10,0,1
"SOX8",7,4,3,0,1
"CEBPG",40,37,3,0,1
"SMARCC1",48,38,10,0,1
"DST",76,72,4,0,1
"RPS6KA6",50,49,1,0,1
"SNAP25",64,62,2,0,1
"NR5A2",35,31,4,0,1
"RIPK1",15,10,5,0,1
"CGN",14,12,2,0,1
"PPP2R5A",24,21,3,0,1
"CHMP2A",8,6,2,0,1
"CHMP2B",20,18,2,0,1
"GPRASP1",18,7,11,0,1
"CIB1",11,8,3,0,1
"TAF6",19,14,5,0,1
"PRMT1",25,18,7,0,1
"LSM1",14,8,6,0,1
"HGS",35,18,17,0,1
"VCL",75,57,18,0,1
"SNX5",38,34,4,0,1
"RABAC1",36,26,10,0,1
"CNKSR1",8,6,2,0,1
"CNOT7",39,35,4,0,1
"CNR1",27,24,3,0,1
"MET",48,32,16,0,1
"HN1L",27,24,3,0,1
"PTPRB",36,34,2,0,1
"CNTNAP4",3,1,2,0,1
"TAF9",17,11,6,0,1
"KRT18",26,15,11,0,1
"COL2A1",15,10,5,0,1
"COL3A1",29,27,2,0,1
"COL7A1",12,9,3,0,1
"SMN1",37,17,20,0,1
"MATN2",19,16,3,0,1
"STX8",6,4,2,0,1
"TRIM37",56,51,5,0,1
"COPS3",19,12,7,0,1
"GPS1",17,11,6,0,1
"NUDT21",48,40,8,0,1
"EBF1",262,41,221,0,1
"HOXB7",10,6,4,0,1
"MBD2",51,49,2,0,1
"NFATC2",39,35,4,0,1
"NFIC",306,89,217,0,1
"SNIP1",57,52,5,0,1
"TUBB2A",63,62,1,0,1
"FGFR1",32,30,2,0,1
"IRS4",56,54,2,0,1
"CSF1",50,48,2,0,1
"GNB2L1",62,48,14,0,1
"JAK1",55,36,19,0,1
"CTDP1",28,23,5,0,1
"RNF126",23,19,4,0,1
"CSTF2",55,52,3,0,1
"RUVBL1",15,14,1,0,1
"ZFYVE9",52,48,4,0,1
"INS",10,7,3,0,1
"IGFBP3",42,36,6,0,1
"PPBP",8,4,4,0,1
"DNM2",47,33,14,0,1
"WASL",81,73,8,0,1
"LNX1",21,11,10,0,1
"NCF4",8,7,1,0,1
"FMR1",47,45,2,0,1
"TRIM23",27,25,2,0,1
"PAFAH1B1",72,67,5,0,1
"DAG1",56,51,5,0,1
"MCRS1",15,13,2,0,1
"MCM3",41,32,9,0,1
"DCX",78,76,2,0,1
"PLCG1",75,54,21,0,1
"SNAPIN",39,29,10,0,1
"SF1",63,60,3,0,1
"NUP214",34,33,1,0,1
"EIF3E",16,11,5,0,1
"DFNB31",6,3,3,0,1
"PTCH1",27,26,1,0,1
"ILF3",40,39,1,0,1
"DIS3",28,24,4,0,1
"DLG2",51,36,15,0,1
"DLG3",41,24,17,0,1
"GRIN2D",27,22,5,0,1
"MAGI2",38,36,2,0,1
"NOTCH1",41,38,3,0,1
"FLII",14,11,3,0,1
"KRT8",30,21,9,0,1
"TSC22D1",42,38,4,0,1
"DPPA2",6,1,5,0,1
"FLNA",42,28,14,0,1
"NCK1",41,11,30,0,1
"KIF5A",36,34,2,0,1
"DUSP23",13,9,4,0,1
"KIAA1377",42,16,26,0,1
"PRPF3",7,5,2,0,1
"PNN",44,38,6,0,1
"HSPA8",66,61,5,0,1
"DYRK1B",36,33,3,0,1
"MBP",30,10,20,0,1
"TFDP1",51,47,4,0,1
"EBI3",15,14,1,0,1
"RHOG",19,16,3,0,1
"EDN3",7,6,1,0,1
"EEA1",48,44,4,0,1
"RAB5C",16,15,1,0,1
"RPA2",38,31,7,0,1
"RPLP1",42,39,3,0,1
"EFNB2",57,54,3,0,1
"PTPN13",24,18,6,0,1
"EPS8",47,43,4,0,1
"UPF2",27,17,10,0,1
"EIF3L",29,28,1,0,1
"EIF3F",18,15,3,0,1
"GADD45G",19,12,7,0,1
"POLA2",46,35,11,0,1
"SRF",270,39,231,0,1
"OSGEP",10,5,5,0,1
"ENAH",89,81,8,0,1
"PFN1",53,45,8,0,1
"MAGEA11",7,2,5,0,1
"KHDRBS1",42,38,4,0,1
"PXN",47,24,23,0,1
"EPHB2",49,39,10,0,1
"MST1R",12,5,7,0,1
"SYNCRIP",97,95,2,0,1
"ERG",502,34,468,0,1
"FLI1",376,25,351,0,1
"PIK3CB",48,43,5,0,1
"RNF4",55,54,1,0,1
"ESRRG",69,64,5,0,1
"ETF1",39,38,1,0,1
"ETS1",434,75,359,0,1
"EXOSC4",14,6,8,0,1
"RAB27A",33,26,7,0,1
"F10",8,7,1,0,1
"GP1BA",3,2,1,0,1
"NACA",25,24,1,0,1
"RAP1A",55,50,5,0,1
"PLAUR",15,9,6,0,1
"TNFRSF1A",28,9,19,0,1
"FCER1G",9,3,6,0,1
"NBR1",30,28,2,0,1
"GPC3",12,11,1,0,1
"SDC2",70,60,10,0,1
"KDR",41,27,14,0,1
"FLNB",37,32,5,0,1
"MYLK",54,52,2,0,1
"FNBP1L",61,60,1,0,1
"SYNJ1",23,18,5,0,1
"KRAS",67,61,6,0,1
"NR1H3",76,13,63,0,1
"TAF10",14,7,7,0,1
"FUNDC2",22,20,2,0,1
"SNAP23",30,26,4,0,1
"HNRNPK",53,47,6,0,1
"ROR2",11,7,4,0,1
"GABARAP",23,19,4,0,1
"GABBR1",33,32,1,0,1
"GNAQ",51,39,12,0,1
"MBD3",257,24,233,0,1
"MAPK8IP2",32,19,13,0,1
"GGA1",30,25,5,0,1
"GGA2",60,55,5,0,1
"GGA3",40,36,4,0,1
"GHRL",2,1,1,0,1
"LEP",13,9,4,0,1
"NTRK1",14,3,11,0,1
"HMOX2",22,10,12,0,1
"TWIST1",55,37,18,0,1
"PSD",14,12,2,0,1
"GNB1",47,42,5,0,1
"GNA15",6,4,2,0,1
"GNAI3",39,30,9,0,1
"GNAO1",28,19,9,0,1
"PLEKHF2",47,45,2,0,1
"GOLGA2",36,28,8,0,1
"PRKD2",28,25,3,0,1
"IGF2",51,45,6,0,1
"SUCLG2",21,20,1,0,1
"SHB",37,31,6,0,1
"NGFR",42,27,15,0,1
"USP8",22,21,1,0,1
"PPP2R1A",35,27,8,0,1
"RAP2A",29,26,3,0,1
"GUCY2D",2,1,1,0,1
"HAND2",89,31,58,0,1
"MMP2",44,30,14,0,1
"SMAD1",198,32,166,0,1
"PHF12",77,76,1,0,1
"HEXDC",6,3,3,0,1
"HK3",4,3,1,0,1
"HMGA1",78,67,11,0,1
"RPS6KA5",92,84,8,0,1
"NR1H2",41,10,31,0,1
"PJA1",16,13,3,0,1
"PKNOX1",46,45,1,0,1
"MEIS1",20,16,4,0,1
"SMAD6",33,30,3,0,1
"IKBKE",15,13,2,0,1
"MAP3K3",61,56,5,0,1
"HSP90AB1",51,46,5,0,1
"HSPBP1",7,5,2,0,1
"LIN7C",50,49,1,0,1
"MYF6",7,4,3,0,1
"IFNAR1",42,34,8,0,1
"IFNGR2",24,21,3,0,1
"IL10",19,18,1,0,1
"IL18",6,2,4,0,1
"TICAM2",9,5,4,0,1
"IL2",8,6,2,0,1
"IL21",2,1,1,0,1
"IL2RG",8,5,3,0,1
"PTPN6",54,12,42,0,1
"INPP5D",9,4,5,0,1
"IL6ST",89,87,2,0,1
"IMMT",20,13,7,0,1
"ING4",7,6,1,0,1
"IRF1",225,35,190,0,1
"IRF3",24,14,10,0,1
"LMX1A",29,27,2,0,1
"TLN1",98,91,7,0,1
"LTB",14,13,1,0,1
"RANBP9",30,24,6,0,1
"PRKG1",42,33,9,0,1
"MDK",18,15,3,0,1
"PRMT5",28,14,14,0,1
"TJP1",50,39,11,0,1
"PGR",226,35,191,0,1
"FOSL2",220,69,151,0,1
"NR5A1",9,5,4,0,1
"NUDT18",17,12,5,0,1
"KCTD15",59,56,3,0,1
"KHSRP",86,81,5,0,1
"KIAA1279",25,23,2,0,1
"KLKB1",3,2,1,0,1
"KLRD1",21,20,1,0,1
"RAE1",19,16,3,0,1
"LAMA2",9,8,1,0,1
"LEF1",32,18,14,0,1
"LMNB1",75,68,7,0,1
"SHANK2",48,43,5,0,1
"RPL18A",25,23,2,0,1
"UBE2Z",75,73,2,0,1
"LRRC41",34,32,2,0,1
"LSM2",7,2,5,0,1
"TNFRSF14",17,7,10,0,1
"TNFSF14",29,27,2,0,1
"MED12",21,19,2,0,1
"MAFF",59,12,47,0,1
"NFE2L1",80,78,2,0,1
"BACH2",84,66,18,0,1
"QARS",31,24,7,0,1
"RAB8A",31,29,2,0,1
"PPM1F",26,25,1,0,1
"MAST2",19,14,5,0,1
"PCBP1",44,42,2,0,1
"ZNF512B",76,67,9,0,1
"ZMYND19",6,3,3,0,1
"MCM7",39,33,6,0,1
"MEF2A",74,35,39,0,1
"PAX3",35,33,2,0,1
"MESDC2",35,31,4,0,1
"MINK1",68,63,5,0,1
"RNF5",10,6,4,0,1
"TLR2",15,10,5,0,1
"RAB11A",55,52,3,0,1
"NADSYN1",7,6,1,0,1
"NEDD8",18,10,8,0,1
"TNNT1",17,7,10,0,1
"NR1D2",34,32,2,0,1
"PHYHIP",28,22,6,0,1
"NEDD4L",69,64,5,0,1
"PSMD4",10,8,2,0,1
"TARBP2",26,23,3,0,1
"NFIX",55,54,1,0,1
"NLGN3",12,9,3,0,1
"SFPQ",154,61,93,0,1
"NOP2",19,17,2,0,1
"NUP98",62,56,6,0,1
"P4HB",30,26,4,0,1
"PDLIM7",16,11,5,0,1
"PBX2",33,28,5,0,1
"ZNF384",110,34,76,0,1
"E2F6",268,27,241,0,1
"PDCD6IP",31,23,8,0,1
"RAD50",26,22,4,0,1
"PDGFRB",31,14,17,0,1
"TRIM39",16,15,1,0,1
"TICAM1",11,7,4,0,1
"TUBG1",15,12,3,0,1
"WBP11",29,24,5,0,1
"PLA2G2A",5,1,4,0,1
"PLAU",17,15,2,0,1
"SHBG",8,2,6,0,1
"PORCN",10,7,3,0,1
"PPFIA3",19,15,4,0,1
"PPP1R12C",18,17,1,0,1
"PPP1R9B",20,16,4,0,1
"SERPINB6",9,8,1,0,1
"PTGDS",4,3,1,0,1
"PTGFR",19,17,2,0,1
"RRAS2",32,28,4,0,1
"PTPRD",75,71,4,0,1
"PTPRS",19,11,8,0,1
"STX4",33,28,5,0,1
"RAB5B",85,82,3,0,1
"RBM8A",46,44,2,0,1
"TSC1",57,53,4,0,1
"RFX2",13,12,1,0,1
"RINT1",9,6,3,0,1
"SAE1",28,27,1,0,1
"SIVA1",5,3,2,0,1
"SIX5",79,18,61,0,1
"SMAD5",62,57,5,0,1
"SOX5",84,83,1,0,1
"SMG5",15,14,1,0,1
"UPF1",30,24,6,0,1
"STX11",17,13,4,0,1
"TCEB1",53,51,2,0,1
"SOX4",108,105,3,0,1
"SOX6",60,59,1,0,1
"STC2",54,51,3,0,1
"TBCD",9,8,1,0,1
"VHL",49,43,6,0,1
"TCF21",52,26,26,0,1
"TF",6,2,4,0,1
"YEATS4",9,8,1,0,1
"TLR1",7,3,4,0,1
"TNFSF8",12,11,1,0,1
"TRIM5",24,23,1,0,1
"ZBTB43",68,66,2,0,1
"ZNF417",90,88,2,0,1
"ZNF165",4,2,2,0,1
"ZNF250",20,19,1,0,1
"ZNF446",19,16,3,0,1
"FOXP1",99,68,31,0,1
"GLI2",50,31,19,0,1
"hsa-miR-122-5p",132,2,130,0,1
"BARX1",13,4,9,0,1
"hsa-miR-128-2-5p",30,17,13,0,1
"hsa-miR-129-5p",480,20,460,0,1
"hsa-miR-130a-5p",1164,32,1132,0,1
"hsa-miR-132-5p",366,28,338,0,1
"hsa-miR-1322",64,48,16,0,1
"hsa-miR-135a-5p",339,8,331,0,1
"hsa-miR-145-5p",530,42,488,0,1
"hsa-miR-146a-5p",377,74,303,0,1
"hsa-miR-196b-5p",324,30,294,0,1
"hsa-miR-21-5p",591,97,494,0,1
"hsa-miR-215-5p",337,29,308,0,1
"hsa-miR-22-5p",959,82,877,0,1
"hsa-miR-222-5p",337,14,323,0,1
"hsa-miR-223-5p",278,35,243,0,1
"hsa-miR-27a-5p",844,41,803,0,1
"hsa-miR-31-5p",424,25,399,0,1
"hsa-miR-3648",96,94,2,0,1
"hsa-miR-4503",44,34,10,0,1
"hsa-miR-4524a-5p",50,10,40,0,1
"hsa-miR-4745-5p",78,53,25,0,1
"hsa-miR-496",24,4,20,0,1
"hsa-miR-5188",42,41,1,0,1
"hsa-miR-663a",121,97,24,0,1
"hsa-miR-6797-5p",111,50,61,0,1
"hsa-miR-6825-5p",112,33,79,0,1
"hsa-miR-9-5p",957,55,902,0,1
