"Name","K","Kin","Kout","TypeI","TypeII"
"ANXA7",46,30,16,0,1
"TK1",70,42,28,0,1
"A2M",11,3,8,0,1
"MYOC",21,7,14,0,1
"RPP14",12,11,1,0,1
"GABARAPL2",10,8,2,0,1
"MAP1LC3B",27,22,5,0,1
"MDFI",35,30,5,0,1
"RB1",94,73,21,0,1
"ABCA1",22,17,5,0,1
"MPP6",10,5,5,0,1
"STX1A",21,14,7,0,1
"ABCF3",3,2,1,0,1
"ABL1",30,15,15,0,1
"NIN",6,3,3,0,1
"SOS1",29,12,17,0,1
"KRT15",27,23,4,0,1
"BCAR1",29,21,8,0,1
"CRK",39,20,19,0,1
"HCK",41,27,14,0,1
"MDM2",28,19,9,0,1
"YWHAB",47,30,17,0,1
"YWHAE",25,11,14,0,1
"YWHAZ",50,14,36,0,1
"CALCOCO2",31,22,9,0,1
"VIM",81,55,26,0,1
"YWHAG",173,135,38,0,1
"CSNK2A1",83,58,25,0,1
"CSNK2A2",23,17,6,0,1
"FBLN1",13,8,5,0,1
"AGT",9,5,4,0,1
"APP",66,35,31,0,1
"ACIN1",10,7,3,0,1
"ACP1",14,8,6,0,1
"CTNNB1",71,49,22,0,1
"FYN",97,46,51,0,1
"INSR",54,22,32,0,1
"SHBG",9,3,6,0,1
"ACTA1",19,8,11,0,1
"GSN",12,9,3,0,1
"PAK1",35,24,11,0,1
"PRKCE",21,10,11,0,1
"S100A4",4,3,1,0,1
"TPM3",7,5,2,0,1
"CFL1",13,7,6,0,1
"ACTB",44,30,14,0,1
"BCL2L1",27,21,6,0,1
"CDKN1A",42,33,9,0,1
"EMD",7,5,2,0,1
"H2AFX",11,6,5,0,1
"LMNA",10,7,3,0,1
"ACTC1",10,3,7,0,1
"DYNLL1",28,17,11,0,1
"GAPDH",39,25,14,0,1
"PDPK1",45,37,8,0,1
"ATF7IP",24,12,12,0,1
"PLD1",10,6,4,0,1
"ARHGDIA",21,18,3,0,1
"POLR2A",45,35,10,0,1
"ACTN1",28,18,10,0,1
"CDK5",29,22,7,0,1
"MAGEA11",9,4,5,0,1
"ACTN4",17,10,7,0,1
"DCTN1",12,7,5,0,1
"CHD3",47,35,12,0,1
"CDC42",36,17,19,0,1
"CDH1",29,15,14,0,1
"ACVR1",19,10,9,0,1
"RAB25",5,3,2,0,1
"ACVR2A",18,15,3,0,1
"GDF9",24,8,16,0,1
"SNX1",10,5,5,0,1
"TGFB1",20,10,10,0,1
"TGFBR2",34,24,10,0,1
"ADAM10",11,10,1,0,1
"TGFA",18,15,3,0,1
"TNFSF11",12,7,5,0,1
"FN1",47,30,17,0,1
"PRKACA",54,19,35,0,1
"PRKCZ",48,29,19,0,1
"VIPR1",8,5,3,0,1
"CALM1",71,46,25,0,1
"PRKCD",44,20,24,0,1
"ADIPOQ",3,2,1,0,1
"APPL1",12,6,6,0,1
"EPB41L2",13,7,6,0,1
"GNAI2",35,25,10,0,1
"GNAZ",9,6,3,0,1
"EZR",28,14,14,0,1
"SLC9A3R2",15,6,9,0,1
"ADRA1A",6,2,4,0,1
"FLNC",7,4,3,0,1
"AP2M1",13,5,8,0,1
"SNTB1",10,7,3,0,1
"GNAI1",41,24,17,0,1
"EIF2B1",4,1,3,0,1
"DLG4",52,20,32,0,1
"GPRASP2",15,6,9,0,1
"MAGI3",11,9,2,0,1
"SH3GL3",14,6,8,0,1
"ADRB2",15,6,9,0,1
"GRK5",20,14,6,0,1
"SLC9A3R1",28,14,14,0,1
"SRC",117,60,57,0,1
"ADRBK1",17,7,10,0,1
"ARRB1",27,9,18,0,1
"GIT1",24,11,13,0,1
"CXCR4",14,9,5,0,1
"GTF2E1",10,8,2,0,1
"HMGB1",23,20,3,0,1
"SGSM2",12,6,6,0,1
"UBE3A",33,28,5,0,1
"EPS15",22,17,5,0,1
"CCDC85B",55,45,10,0,1
"BRD7",19,16,3,0,1
"MED31",27,24,3,0,1
"AGTR1",11,2,9,0,1
"CTSG",13,6,7,0,1
"EWSR1",42,23,19,0,1
"JAK2",35,16,19,0,1
"RAF1",54,32,22,0,1
"ARNT",19,8,11,0,1
"EP300",116,103,13,0,1
"NCOA1",51,28,23,0,1
"NCOA2",35,21,14,0,1
"AIFM1",4,3,1,0,1
"AIP",5,4,1,0,1
"AK5",2,1,1,0,1
"PPP1CA",22,16,6,0,1
"PRKAR2A",18,12,6,0,1
"AKAP10",8,5,3,0,1
"PRKAR1A",22,7,15,0,1
"GSK3B",63,32,31,0,1
"FHL1",18,14,4,0,1
"AKAP9",21,17,4,0,1
"PKN1",14,11,3,0,1
"AKT1",44,17,27,0,1
"ATXN1",58,29,29,0,1
"BAD",21,11,10,0,1
"CASP3",71,29,42,0,1
"CHUK",30,18,12,0,1
"HTT",28,20,8,0,1
"IKBKB",36,25,11,0,1
"PPP2CA",27,17,10,0,1
"PTEN",27,22,5,0,1
"HSP90AA1",53,24,29,0,1
"LUC7L2",38,28,10,0,1
"C14orf1",30,23,7,0,1
"IGSF21",7,5,2,0,1
"UNC119",42,22,20,0,1
"XRN1",15,11,4,0,1
"ATXN1L",20,12,8,0,1
"PTN",26,10,16,0,1
"SSSCA1",10,9,1,0,1
"CDK5R1",22,17,5,0,1
"DNM1",15,9,6,0,1
"MAPK6",65,33,32,0,1
"TEK",14,6,8,0,1
"ANK2",17,13,4,0,1
"DNAJB1",9,5,4,0,1
"L1CAM",9,4,5,0,1
"LRP2",23,10,13,0,1
"AURKB",9,6,3,0,1
"ANXA1",17,8,9,0,1
"XRCC6",32,13,19,0,1
"ANXA11",4,3,1,0,1
"S100A6",4,3,1,0,1
"EED",19,13,6,0,1
"APLP1",17,12,5,0,1
"CCDC90B",9,7,2,0,1
"CDK4",27,17,10,0,1
"RPL13",8,4,4,0,1
"SETDB1",66,50,16,0,1
"AP1M1",13,5,8,0,1
"AP2B1",26,15,11,0,1
"DVL2",24,12,12,0,1
"FXR2",17,9,8,0,1
"AP2A1",11,5,6,0,1
"MEGF10",9,7,2,0,1
"CLTC",26,13,13,0,1
"CSNK1A1",30,22,8,0,1
"HSPA1A",20,12,8,0,1
"APBA1",10,5,5,0,1
"KCNJ12",16,13,3,0,1
"PSEN1",35,15,20,0,1
"STXBP1",11,7,4,0,1
"CLSTN1",22,19,3,0,1
"CTBP1",23,17,6,0,1
"APCS",7,1,6,0,1
"COL4A1",21,15,6,0,1
"APEX1",21,15,6,0,1
"HDAC1",87,67,20,0,1
"PCNA",40,35,5,0,1
"UBE2I",57,43,14,0,1
"APOE",7,1,6,0,1
"LRP1",36,21,15,0,1
"BGN",7,5,2,0,1
"CASP8",32,13,19,0,1
"COL4A2",17,10,7,0,1
"HSPG2",22,16,6,0,1
"NID1",13,10,3,0,1
"PSEN2",19,8,11,0,1
"SNCA",16,7,9,0,1
"PIK3CA",18,6,12,0,1
"APTX",15,12,3,0,1
"KRTAP4-12",21,10,11,0,1
"CREBBP",146,61,85,0,1
"GTF2H1",14,9,5,0,1
"MED1",17,12,5,0,1
"MED14",11,10,1,0,1
"SMAD3",37,15,22,0,1
"TRIM24",31,23,8,0,1
"UBQLN4",72,39,33,0,1
"EEF1G",43,16,27,0,1
"PICK1",17,5,12,0,1
"TMED2",5,3,2,0,1
"ARF6",18,13,5,0,1
"PRPF40A",43,26,17,0,1
"RASA1",44,27,17,0,1
"RAC1",36,10,26,0,1
"RHOA",45,31,14,0,1
"SMURF2",20,7,13,0,1
"RAC2",9,4,5,0,1
"RAC3",5,2,3,0,1
"RHOH",6,3,3,0,1
"ARHGEF1",7,5,2,0,1
"ARHGEF11",7,4,3,0,1
"GNA12",17,10,7,0,1
"PLXNB3",6,1,5,0,1
"CD44",14,5,9,0,1
"GNA13",15,4,11,0,1
"IGF1R",63,42,21,0,1
"ARHGEF7",16,10,6,0,1
"TUBB3",9,3,6,0,1
"SMARCA4",25,17,8,0,1
"SMARCE1",17,12,5,0,1
"TP53",152,36,116,0,1
"HDAC2",41,35,6,0,1
"SIN3A",41,36,5,0,1
"UBR1",9,3,6,0,1
"ARL4D",8,6,2,0,1
"WAS",24,12,12,0,1
"CD2AP",29,23,6,0,1
"MAPK1",80,59,21,0,1
"MAPK3",51,39,12,0,1
"MATN2",7,4,3,0,1
"ARRB2",19,6,13,0,1
"HIPK3",12,9,3,0,1
"MAP3K5",24,14,10,0,1
"MED8",13,9,4,0,1
"SH3KBP1",27,24,3,0,1
"RAN",32,27,5,0,1
"ASCC2",15,10,5,0,1
"H3F3A",7,5,2,0,1
"ASGR1",2,1,1,0,1
"CREB1",39,12,27,0,1
"SPI1",44,11,33,0,1
"JUN",24,9,15,0,1
"CEBPB",43,10,33,0,1
"CDC34",11,9,2,0,1
"RAD51",18,12,6,0,1
"STK11",8,4,4,0,1
"TOPBP1",9,6,3,0,1
"XRCC5",23,17,6,0,1
"ATN1",48,20,28,0,1
"CBFA2T2",18,16,2,0,1
"LYST",11,8,3,0,1
"RBPMS",23,18,5,0,1
"SUMO2",18,10,8,0,1
"TRIP6",18,11,7,0,1
"WWP1",8,5,3,0,1
"BCL2",30,18,12,0,1
"CAMK2A",3,2,1,0,1
"CSE1L",14,11,3,0,1
"ATP2B4",24,22,2,0,1
"RASSF1",11,6,5,0,1
"PSME3",13,6,7,0,1
"ATP5J2",5,4,1,0,1
"MARK3",6,4,2,0,1
"ATR",9,4,5,0,1
"EZH2",41,7,34,0,1
"HDAC4",13,11,2,0,1
"CCNK",13,7,6,0,1
"CDK6",29,18,11,0,1
"COIL",37,30,7,0,1
"DAZAP2",32,24,8,0,1
"FAM46A",6,3,3,0,1
"USP7",29,25,4,0,1
"PSMD7",8,5,3,0,1
"RAD23A",9,5,4,0,1
"RAD23B",10,9,1,0,1
"RNF11",43,30,13,0,1
"AURKA",10,5,5,0,1
"NME1",14,10,4,0,1
"AXIN1",20,5,15,0,1
"DVL3",25,21,4,0,1
"JUP",26,20,6,0,1
"PPP2CB",7,5,2,0,1
"SH3GL1",14,8,6,0,1
"UTP14A",26,15,11,0,1
"AXL",13,6,7,0,1
"PIK3R1",77,35,42,0,1
"PIK3R2",42,31,11,0,1
"PTPN11",50,23,27,0,1
"B2M",13,10,3,0,1
"HLA-A",12,6,6,0,1
"EXOSC10",22,6,16,0,1
"MAPK8",48,41,7,0,1
"SFN",19,16,3,0,1
"YWHAQ",36,21,15,0,1
"BAG1",8,3,5,0,1
"BAIAP2",13,8,5,0,1
"MAGI1",14,7,7,0,1
"BAI2",4,2,2,0,1
"HAP1",33,28,5,0,1
"IKBKAP",13,10,3,0,1
"MAP3K7",37,29,8,0,1
"CASP1",9,4,5,0,1
"NEDD9",6,4,2,0,1
"CASP9",21,12,9,0,1
"MAPK14",43,34,9,0,1
"PIN1",33,17,16,0,1
"RUNX1T1",18,9,9,0,1
"ERCC3",14,11,3,0,1
"BEGAIN",14,7,7,0,1
"TRIM27",19,15,4,0,1
"LMO2",13,10,3,0,1
"CSNK2B",41,13,28,0,1
"DNM2",24,9,15,0,1
"CASP7",15,9,6,0,1
"UBB",25,10,15,0,1
"BIRC5",9,5,4,0,1
"BLNK",16,13,3,0,1
"NAP1L4",9,7,2,0,1
"BMI1",11,7,4,0,1
"RING1",8,6,2,0,1
"RNF2",17,14,3,0,1
"COL1A1",21,12,9,0,1
"BMPR2",17,5,12,0,1
"TGFBR1",55,18,37,0,1
"GNB5",14,11,3,0,1
"ROBO2",7,4,3,0,1
"STEAP3",3,2,1,0,1
"YWHAH",21,16,5,0,1
"BRCA2",15,9,6,0,1
"CDK2",60,52,8,0,1
"CDK7",14,9,5,0,1
"CTBP2",26,23,3,0,1
"E2F1",40,11,29,0,1
"KPNA1",7,6,1,0,1
"NFYA",47,21,26,0,1
"RBBP4",34,27,7,0,1
"HIST2H2BE",10,6,4,0,1
"BRF1",7,4,3,0,1
"RBL2",15,11,4,0,1
"CDC25C",11,7,4,0,1
"PDLIM7",14,9,5,0,1
"EGFR",59,25,34,0,1
"ERBB2",40,15,25,0,1
"BTF3",7,6,1,0,1
"BTK",30,6,24,0,1
"GRB2",95,39,56,0,1
"LYN",58,24,34,0,1
"MYD88",15,7,8,0,1
"PLCG2",23,16,7,0,1
"PRKCB",15,9,6,0,1
"SYK",49,12,37,0,1
"TLR4",18,11,7,0,1
"BTRC",33,21,12,0,1
"SKP1",18,13,5,0,1
"SUFU",17,15,2,0,1
"WEE1",14,11,3,0,1
"PLK1",27,15,12,0,1
"BUB1B",5,3,2,0,1
"CBX1",23,17,6,0,1
"POLR3F",8,5,3,0,1
"TSNAX",5,3,2,0,1
"GOLM1",20,18,2,0,1
"DCN",17,11,6,0,1
"C1QBP",15,8,7,0,1
"C3",15,5,10,0,1
"COPS6",46,27,19,0,1
"FGFR3",5,3,2,0,1
"PLG",10,5,5,0,1
"CEP70",15,10,5,0,1
"DAXX",21,14,7,0,1
"MPP3",12,11,1,0,1
"TUBA4A",22,12,10,0,1
"RYR1",11,5,6,0,1
"CALR",15,6,9,0,1
"LCK",70,35,35,0,1
"LPL",15,10,5,0,1
"PDIA3",10,8,2,0,1
"SLC2A1",9,6,3,0,1
"TRAF6",35,14,21,0,1
"PLCB3",18,15,3,0,1
"CANX",27,16,11,0,1
"CAPN1",18,6,12,0,1
"CBL",28,14,14,0,1
"CAPNS1",9,6,3,0,1
"PTPN1",27,15,12,0,1
"RAB1A",18,16,2,0,1
"TRAF1",36,19,17,0,1
"TSC22D1",11,7,4,0,1
"CASK",26,15,11,0,1
"CNTNAP2",5,4,1,0,1
"KCNA4",18,16,2,0,1
"CASP10",18,14,4,0,1
"EEF1A1",46,18,28,0,1
"STK4",6,5,1,0,1
"TOP1",13,12,1,0,1
"CASP4",6,2,4,0,1
"SUMO1",15,10,5,0,1
"MAP2K1",25,17,8,0,1
"SUMO4",10,3,7,0,1
"HRAS",37,20,17,0,1
"ILK",17,10,7,0,1
"IRS1",44,29,15,0,1
"PTPRF",15,10,5,0,1
"RUNX1",87,22,65,0,1
"ITCH",5,3,2,0,1
"PSMC1",8,5,3,0,1
"SPRY2",8,7,1,0,1
"MED9",10,6,4,0,1
"PFDN1",16,10,6,0,1
"POLR2L",6,3,3,0,1
"HNRNPH3",9,5,4,0,1
"MMP3",7,6,1,0,1
"CCR1",11,10,1,0,1
"VCAN",14,5,9,0,1
"IGFBP7",13,11,2,0,1
"DPP4",7,2,5,0,1
"SRGN",9,5,4,0,1
"CCR3",10,4,6,0,1
"CCR5",12,5,7,0,1
"FEZ1",22,4,18,0,1
"RBL1",24,21,3,0,1
"CCNB1",22,13,9,0,1
"CDC25A",21,16,5,0,1
"CDK9",16,8,8,0,1
"CD4",26,10,16,0,1
"PTK2B",30,13,17,0,1
"TXK",3,1,2,0,1
"SOD1",5,4,1,0,1
"HDAC3",32,23,9,0,1
"ITGB2",25,6,19,0,1
"CD22",9,6,3,0,1
"PTPRC",23,14,9,0,1
"CD5",10,8,2,0,1
"LCP2",24,15,9,0,1
"CD244",3,1,2,0,1
"LAT",21,8,13,0,1
"CD247",17,3,14,0,1
"GAB2",16,12,4,0,1
"JAK3",16,7,9,0,1
"TRAF2",71,10,61,0,1
"TRAF5",13,8,5,0,1
"CD28",12,2,10,0,1
"GRAP2",23,12,11,0,1
"PIK3CG",10,7,3,0,1
"PKD2",6,4,2,0,1
"ITGB1",43,20,23,0,1
"ITGB3",29,11,18,0,1
"CD3E",12,6,6,0,1
"CTSD",7,3,4,0,1
"IL16",7,3,4,0,1
"LLGL1",6,5,1,0,1
"CD47",18,10,8,0,1
"ITGAV",14,7,7,0,1
"PTK2",44,19,25,0,1
"CD48",5,2,3,0,1
"CD55",4,1,3,0,1
"SDCBP",32,22,10,0,1
"ITGA4",10,4,6,0,1
"SHC1",58,26,32,0,1
"KPNB1",25,15,10,0,1
"PTTG1",5,4,1,0,1
"CDC37",30,25,5,0,1
"SAFB",13,8,5,0,1
"PARD3",21,11,10,0,1
"STAU1",19,13,6,0,1
"TNK2",12,10,2,0,1
"ERBB2IP",18,16,2,0,1
"CDH5",18,10,8,0,1
"NOL12",4,3,1,0,1
"CDK5RAP1",7,5,2,0,1
"CDK5RAP2",13,9,4,0,1
"GATA2",35,7,28,0,1
"MYC",47,17,30,0,1
"SOX10",16,7,9,0,1
"SOX8",8,5,3,0,1
"CEBPG",19,16,3,0,1
"SMARCC1",17,14,3,0,1
"NFYB",16,7,9,0,1
"RPS6KA6",17,16,1,0,1
"SNAP25",31,29,2,0,1
"NR5A2",15,13,2,0,1
"RIPK1",13,8,5,0,1
"CGN",5,3,2,0,1
"PPP2R5A",13,10,3,0,1
"CHFR",7,3,4,0,1
"CHMP2A",4,2,2,0,1
"CHMP2B",4,2,2,0,1
"GPRASP1",16,5,11,0,1
"CIB1",8,5,3,0,1
"PRMT1",20,13,7,0,1
"CKAP5",3,2,1,0,1
"LSM1",8,2,6,0,1
"HGS",31,14,17,0,1
"VCL",35,15,20,0,1
"SNX5",10,6,4,0,1
"RABAC1",19,9,10,0,1
"CNKSR1",8,6,2,0,1
"CNOT7",10,6,4,0,1
"CNR1",10,7,3,0,1
"MET",21,4,17,0,1
"HN1L",13,10,3,0,1
"CNTNAP4",3,1,2,0,1
"KRT18",20,8,12,0,1
"IGFBP3",23,17,6,0,1
"COL2A1",14,9,5,0,1
"COL3A1",6,4,2,0,1
"COL7A1",9,6,3,0,1
"SMN1",34,12,22,0,1
"STX8",5,3,2,0,1
"TRIM37",25,20,5,0,1
"COPS3",11,4,7,0,1
"GPS1",10,4,6,0,1
"MAPKAPK3",4,3,1,0,1
"POLA2",21,10,11,0,1
"NUDT21",23,14,9,0,1
"EBF1",41,14,27,0,1
"KLF4",18,12,6,0,1
"NFATC2",6,2,4,0,1
"PROX1",11,6,5,0,1
"SNIP1",31,26,5,0,1
"TCF3",74,11,63,0,1
"TUBB2A",7,6,1,0,1
"FGFR1",9,7,2,0,1
"FRS2",22,17,5,0,1
"IRS4",12,9,3,0,1
"GNB2L1",40,26,14,0,1
"JAK1",32,12,20,0,1
"CTDP1",11,6,5,0,1
"RNF126",7,3,4,0,1
"CTCF",72,15,57,0,1
"RUVBL1",7,6,1,0,1
"ZFYVE9",19,14,5,0,1
"INS",8,5,3,0,1
"PPBP",6,2,4,0,1
"WASL",17,9,8,0,1
"LNX1",20,10,10,0,1
"NCF4",6,5,1,0,1
"FMR1",8,6,2,0,1
"TRIM23",11,9,2,0,1
"PAFAH1B1",8,3,5,0,1
"DAG1",20,15,5,0,1
"MCRS1",9,7,2,0,1
"MCM3",17,8,9,0,1
"DCX",15,13,2,0,1
"PLCG1",33,12,21,0,1
"SNAPIN",20,10,10,0,1
"SF1",22,19,3,0,1
"NUP214",14,13,1,0,1
"EIF3E",8,3,5,0,1
"DFNB31",5,2,3,0,1
"PTCH1",6,5,1,0,1
"ILF3",22,21,1,0,1
"DIS3",10,6,4,0,1
"DLG2",22,7,15,0,1
"SCN5A",14,12,2,0,1
"DLG3",28,11,17,0,1
"GRIN2D",11,5,6,0,1
"DYNLL2",6,4,2,0,1
"MAGI2",6,4,2,0,1
"NOTCH1",12,9,3,0,1
"FLII",5,2,3,0,1
"KRT8",16,7,9,0,1
"DPM2",2,1,1,0,1
"DPPA2",7,2,5,0,1
"FLNA",21,7,14,0,1
"NCK1",35,4,31,0,1
"KIF5A",8,6,2,0,1
"DUSP23",13,8,5,0,1
"KIAA1377",42,15,27,0,1
"PRPF3",6,4,2,0,1
"PNN",19,13,6,0,1
"HSPA8",19,12,7,0,1
"DYRK1B",4,1,3,0,1
"MBP",28,8,20,0,1
"TFDP1",12,8,4,0,1
"EBI3",3,2,1,0,1
"RHOG",7,4,3,0,1
"EEA1",9,5,4,0,1
"RAB5C",3,2,1,0,1
"RPLP1",14,11,3,0,1
"EFNA1",18,15,3,0,1
"PTPN13",13,6,7,0,1
"EPS8",27,23,4,0,1
"UPF2",16,5,11,0,1
"EIF3L",11,9,2,0,1
"EIF3F",4,1,3,0,1
"GADD45G",12,4,8,0,1
"ELK1",15,2,13,0,1
"SRF",46,19,27,0,1
"OSGEP",11,4,7,0,1
"ENAH",20,12,8,0,1
"PFN1",18,10,8,0,1
"TGFB2",7,5,2,0,1
"KHDRBS1",26,21,5,0,1
"PXN",31,8,23,0,1
"EPHB2",17,7,10,0,1
"MST1R",12,4,8,0,1
"SYNCRIP",28,26,2,0,1
"ERG",77,19,58,0,1
"FLI1",55,13,42,0,1
"PIK3CB",14,9,5,0,1
"RNF4",19,18,1,0,1
"THRB",20,7,13,0,1
"ESRRG",26,21,5,0,1
"NR0B2",6,5,1,0,1
"ETF1",3,2,1,0,1
"ETS1",39,15,24,0,1
"EXOSC4",15,7,8,0,1
"RAB27A",12,5,7,0,1
"RDX",16,11,5,0,1
"GP1BA",4,3,1,0,1
"PROC",4,2,2,0,1
"NACA",9,8,1,0,1
"RAP1A",11,6,5,0,1
"PLAUR",9,3,6,0,1
"HIF1AN",19,15,4,0,1
"TNFRSF1A",28,9,19,0,1
"FCER1G",10,3,7,0,1
"FCGR3B",3,2,1,0,1
"NBR1",16,14,2,0,1
"GPC3",6,5,1,0,1
"SDC2",29,18,11,0,1
"KDR",27,13,14,0,1
"FLNB",12,7,5,0,1
"MYLK",23,20,3,0,1
"FNBP1L",13,12,1,0,1
"SYNJ1",7,1,6,0,1
"KRAS",9,3,6,0,1
"NR1H3",21,9,12,0,1
"TAF10",12,5,7,0,1
"FUNDC2",8,6,2,0,1
"SNAP23",10,6,4,0,1
"HNRNPK",28,20,8,0,1
"FZD5",15,14,1,0,1
"ROR2",7,3,4,0,1
"GABARAP",9,4,5,0,1
"GABBR1",9,8,1,0,1
"GABRB2",5,3,2,0,1
"GNAQ",17,5,12,0,1
"MBD3",5,1,4,0,1
"MAPK8IP2",21,7,14,0,1
"GGA1",9,4,5,0,1
"GGA2",23,18,5,0,1
"GGA3",11,7,4,0,1
"GHR",15,8,7,0,1
"GHRL",2,1,1,0,1
"LEP",6,2,4,0,1
"NTRK1",14,3,11,0,1
"HMOX2",18,6,12,0,1
"TWIST1",13,6,7,0,1
"PSD",8,6,2,0,1
"GNB1",7,2,5,0,1
"OPRM1",3,1,2,0,1
"GNAI3",11,2,9,0,1
"GNAO1",11,1,10,0,1
"GNAS",3,1,2,0,1
"PLEKHF2",19,17,2,0,1
"GOLGA2",9,1,8,0,1
"PRKD2",10,7,3,0,1
"IGF2",9,2,7,0,1
"SUCLG2",3,2,1,0,1
"MAP4K1",11,6,5,0,1
"SHB",15,9,6,0,1
"NGFR",26,11,15,0,1
"PDCD6IP",11,3,8,0,1
"USP8",7,6,1,0,1
"PPP2R1A",17,9,8,0,1
"RAP2A",9,6,3,0,1
"GUCY2D",2,1,1,0,1
"HAND2",7,3,4,0,1
"MMP2",18,4,14,0,1
"SMAD1",49,13,36,0,1
"PSMD4",8,6,2,0,1
"PHF12",25,24,1,0,1
"HEXDC",6,3,3,0,1
"HHIP",9,8,1,0,1
"HIF1A",17,5,12,0,1
"HK3",4,3,1,0,1
"HLA-B",8,4,4,0,1
"HLA-C",11,4,7,0,1
"PPP1R16A",7,1,6,0,1
"HMGA1",21,13,8,0,1
"RPS6KA5",29,21,8,0,1
"NR1H2",16,1,15,0,1
"PJA1",11,8,3,0,1
"PKNOX1",15,14,1,0,1
"MEIS1",7,5,2,0,1
"SMAD6",10,7,3,0,1
"IKBKE",7,5,2,0,1
"MAP3K3",14,9,5,0,1
"HSP90AB1",28,23,5,0,1
"HSPBP1",3,1,2,0,1
"VDAC1",6,2,4,0,1
"LIN7C",2,1,1,0,1
"MYF6",7,4,3,0,1
"IFNAR1",13,4,9,0,1
"IGFBP5",15,9,6,0,1
"IGF2R",4,3,1,0,1
"IKZF4",4,2,2,0,1
"IKZF5",12,10,2,0,1
"IL10",3,2,1,0,1
"IL10RB",5,2,3,0,1
"IL18",6,2,4,0,1
"TICAM2",6,2,4,0,1
"IL2",5,3,2,0,1
"IL21",2,1,1,0,1
"IL21R",3,2,1,0,1
"IL2RG",8,5,3,0,1
"PTPN6",51,9,42,0,1
"INPP5D",9,4,5,0,1
"IL6ST",11,8,3,0,1
"IMMT",11,4,7,0,1
"ING4",6,5,1,0,1
"IPO5",7,4,3,0,1
"IRF1",8,4,4,0,1
"IRF3",8,5,3,0,1
"IRF4",3,1,2,0,1
"LMX1A",7,5,2,0,1
"TLN1",17,10,7,0,1
"LTB",5,4,1,0,1
"NME2",6,3,3,0,1
"RANBP9",15,9,6,0,1
"PRKG1",13,4,9,0,1
"MDK",13,10,3,0,1
"PRMT5",18,4,14,0,1
"TJP1",20,8,12,0,1
"PGR",24,10,14,0,1
"NR5A1",11,6,5,0,1
"NUDT18",13,7,6,0,1
"KCTD15",16,13,3,0,1
"KIAA1279",6,4,2,0,1
"KLRD1",3,2,1,0,1
"RAE1",10,7,3,0,1
"LAMA2",2,1,1,0,1
"LEF1",20,9,11,0,1
"LIMS1",8,5,3,0,1
"LMNB1",19,12,7,0,1
"SHANK2",14,9,5,0,1
"RPL18A",7,5,2,0,1
"LRRC41",15,13,2,0,1
"LSM2",8,2,6,0,1
"LSM7",6,1,5,0,1
"TNFRSF14",16,6,10,0,1
"MED12",7,5,2,0,1
"MAFF",4,2,2,0,1
"NRF1",44,9,35,0,1
"PRRX1",9,7,2,0,1
"BACH2",18,15,3,0,1
"MAP1B",12,8,4,0,1
"QARS",17,8,9,0,1
"RAB8A",7,5,2,0,1
"PPM1F",2,1,1,0,1
"MAST2",10,5,5,0,1
"ZNF512B",27,18,9,0,1
"ZMYND19",5,2,3,0,1
"MCM7",16,9,7,0,1
"MCM4",22,19,3,0,1
"MEF2A",9,5,4,0,1
"MEF2C",15,8,7,0,1
"PAX3",6,4,2,0,1
"MESDC2",8,4,4,0,1
"RNF5",5,1,4,0,1
"MST1",2,1,1,0,1
"MTMR9",4,3,1,0,1
"MXD1",7,4,3,0,1
"MYBL2",16,6,10,0,1
"TLR2",13,6,7,0,1
"RAB11A",12,9,3,0,1
"NADSYN1",3,2,1,0,1
"NEDD8",13,5,8,0,1
"TNNT1",20,8,12,0,1
"NR1D2",4,2,2,0,1
"RBPJ",11,4,7,0,1
"PHYHIP",10,4,6,0,1
"NEDD4L",19,14,5,0,1
"TARBP2",8,5,3,0,1
"NFIX",6,5,1,0,1
"NLGN3",7,4,3,0,1
"SFPQ",29,19,10,0,1
"NOP2",8,6,2,0,1
"NUAK1",21,15,6,0,1
"NUP98",16,9,7,0,1
"P4HB",7,3,4,0,1
"PBX2",14,10,4,0,1
"ZNF384",13,8,5,0,1
"E2F6",13,3,10,0,1
"TRIM39",7,6,1,0,1
"TICAM1",9,5,4,0,1
"TUBG1",7,4,3,0,1
"WBP11",11,6,5,0,1
"PITPNA",12,11,1,0,1
"PLA2G2A",5,1,4,0,1
"PLAU",5,3,2,0,1
"PORCN",5,2,3,0,1
"PPP1CB",10,9,1,0,1
"PPP1R12C",2,1,1,0,1
"PPP1R9B",5,1,4,0,1
"SNRPD1",21,15,6,0,1
"SERPINB6",5,4,1,0,1
"PTGDS",3,2,1,0,1
"PTGFR",7,5,2,0,1
"RRAS2",10,5,5,0,1
"PTPRS",14,4,10,0,1
"STX4",8,3,5,0,1
"RBM8A",13,11,2,0,1
"RFX1",11,8,3,0,1
"RFX2",2,1,1,0,1
"RINT1",5,2,3,0,1
"SH3BP2",12,4,8,0,1
"SIVA1",3,1,2,0,1
"SMAD5",14,8,6,0,1
"SOX5",17,16,1,0,1
"SMG5",3,2,1,0,1
"UPF1",13,7,6,0,1
"TCEB1",9,7,2,0,1
"SOX6",10,9,1,0,1
"ZBTB7A",5,3,2,0,1
"NKX3-1",9,6,3,0,1
"TBCD",4,3,1,0,1
"VHL",14,8,6,0,1
"TF",6,2,4,0,1
"TFAP2B",8,7,1,0,1
"YEATS4",6,5,1,0,1
"TLR1",5,1,4,0,1
"TNFSF8",3,2,1,0,1
"TPD52",19,18,1,0,1
"ZBTB43",16,14,2,0,1
"ZNF417",10,8,2,0,1
"ZNF165",4,2,2,0,1
"ZNF250",5,4,1,0,1
"ZNF446",6,3,3,0,1
"hsa-let-7b-5p",417,10,407,0,1
"hsa-miR-135a-5p",125,6,119,0,1
"hsa-miR-141-5p",424,49,375,0,1
"OTX2",5,3,2,0,1
"hsa-miR-146a-5p",161,34,127,0,1
"SNAI1",11,7,4,0,1
"hsa-miR-181c-5p",299,28,271,0,1
"hsa-miR-200c-5p",381,48,333,0,1
"hsa-miR-21-5p",132,28,104,0,1
"hsa-miR-22-5p",530,42,488,0,1
"hsa-miR-30a-5p",538,21,517,0,1
"hsa-miR-30e-5p",528,33,495,0,1
"hsa-miR-31-5p",222,15,207,0,1
"hsa-miR-3175",4,3,1,0,1
"hsa-miR-3913-5p",19,10,9,0,1
"hsa-miR-424-5p",407,11,396,0,1
"hsa-miR-4677-5p",10,5,5,0,1
"hsa-miR-492",6,3,3,0,1
"hsa-miR-5191",5,4,1,0,1
"hsa-miR-6510-5p",29,19,10,0,1
"hsa-miR-652-5p",55,21,34,0,1
