"Name","K","Kin","Kout","TypeI","TypeII"
"ANXA7",49,35,14,0,1
"TK1",71,44,27,0,1
"A2M",21,6,15,0,1
"ATF7IP",49,28,21,0,1
"CDKN1A",39,30,9,0,1
"H2AFX",24,16,8,0,1
"HMOX2",17,7,10,0,1
"MYOC",12,5,7,0,1
"NUDT21",29,20,9,0,1
"RAP1B",32,29,3,0,1
"MAP1LC3B",17,13,4,0,1
"MDFI",30,25,5,0,1
"RB1",118,94,24,0,1
"ABCA1",25,19,6,0,1
"CSNK2A1",92,66,26,0,1
"MPP6",22,16,6,0,1
"RDX",22,17,5,0,1
"STX1A",21,14,7,0,1
"ABL1",67,38,29,0,1
"EPS8",27,20,7,0,1
"NCK2",29,15,14,0,1
"PAK2",38,31,7,0,1
"SOS1",50,32,18,0,1
"SOS2",14,9,5,0,1
"SPTAN1",16,9,7,0,1
"ATM",27,10,17,0,1
"CAV1",76,45,31,0,1
"CRK",71,45,26,0,1
"PLSCR1",26,10,16,0,1
"POLR2A",42,33,9,0,1
"PRKD1",25,19,6,0,1
"PTPN12",27,24,3,0,1
"RAN",21,13,8,0,1
"XRCC6",21,11,10,0,1
"YWHAE",31,17,14,0,1
"YWHAG",165,124,41,0,1
"ABL2",38,35,3,0,1
"CALCOCO2",20,14,6,0,1
"ATXN1",103,75,28,0,1
"CSNK2A2",28,16,12,0,1
"USP7",29,25,4,0,1
"ACIN1",14,11,3,0,1
"FYN",129,70,59,0,1
"ACTA1",24,8,16,0,1
"CFL1",15,10,5,0,1
"MYLK",40,36,4,0,1
"PFN1",24,14,10,0,1
"PRKCD",25,10,15,0,1
"VCL",100,69,31,0,1
"ACTB",82,60,22,0,1
"LMNA",15,11,4,0,1
"PFDN1",20,12,8,0,1
"ACTC1",6,2,4,0,1
"DYNLL1",30,21,9,0,1
"ACTG1",35,20,15,0,1
"MAPK6",99,63,36,0,1
"PDPK1",47,35,12,0,1
"PIP4K2C",16,11,5,0,1
"ARHGDIA",24,22,2,0,1
"ACTN1",35,27,8,0,1
"CAMK2A",20,16,4,0,1
"KAT2B",38,33,5,0,1
"ACTN4",12,7,5,0,1
"CAMK2G",13,10,3,0,1
"DCTN1",10,6,4,0,1
"CHD3",23,14,9,0,1
"ACTR2",28,22,6,0,1
"CDC42",48,26,22,0,1
"ACVR1",55,36,19,0,1
"AP2B1",17,9,8,0,1
"NRAS",29,24,5,0,1
"RAB25",7,6,1,0,1
"RAP2A",21,14,7,0,1
"SOCS6",15,10,5,0,1
"STX8",7,5,2,0,1
"ACVR2A",40,38,2,0,1
"INHBA",23,19,4,0,1
"TGFBR1",105,64,41,0,1
"TGFBR2",62,51,11,0,1
"GRB2",50,16,34,0,1
"ADAM10",26,24,2,0,1
"ADAM17",20,13,7,0,1
"NOTCH1",33,24,9,0,1
"TNFSF11",19,11,8,0,1
"RYR1",8,4,4,0,1
"FN1",79,57,22,0,1
"PRKCA",119,54,65,0,1
"RAF1",34,19,15,0,1
"ADCYAP1",6,5,1,0,1
"CALM1",45,22,23,0,1
"EDN1",21,19,2,0,1
"RGS2",23,9,14,0,1
"ADRBK1",22,11,11,0,1
"GNAI2",33,23,10,0,1
"YWHAZ",72,31,41,0,1
"ADRB2",13,6,7,0,1
"CSK",24,18,6,0,1
"GPRASP1",22,8,14,0,1
"GRK5",13,6,7,0,1
"GRK6",18,13,5,0,1
"SLC9A3R1",20,10,10,0,1
"CAPN2",9,5,4,0,1
"CSNK2B",71,26,45,0,1
"GIT1",30,18,12,0,1
"SRC",47,22,25,0,1
"CXCR4",22,11,11,0,1
"PRKCB",40,25,15,0,1
"PRKCE",20,11,9,0,1
"PRKCZ",42,18,24,0,1
"ATXN1L",47,37,10,0,1
"AFF1",15,13,2,0,1
"CCNT1",21,20,1,0,1
"AFP",2,1,1,0,1
"SGSM2",10,7,3,0,1
"UBE3A",33,28,5,0,1
"SMN1",23,5,18,0,1
"AGFG1",22,18,4,0,1
"CCDC85B",73,58,15,0,1
"CTSG",21,10,11,0,1
"CDKN2A",25,24,1,0,1
"EP300",148,126,22,0,1
"NCOA1",65,41,24,0,1
"NCOA2",40,26,14,0,1
"SMARCA4",23,10,13,0,1
"PRKAR2A",29,23,6,0,1
"AKAP10",8,4,4,0,1
"PRKAR1A",29,16,13,0,1
"GSK3B",108,68,40,0,1
"YWHAB",66,43,23,0,1
"IQGAP1",42,32,10,0,1
"KPNB1",51,39,12,0,1
"PRPF40A",63,46,17,0,1
"AKAP9",23,18,5,0,1
"PKN1",21,17,4,0,1
"AKT1",60,29,31,0,1
"BAD",24,11,13,0,1
"CHUK",40,25,15,0,1
"EIF4EBP1",12,8,4,0,1
"ITSN1",43,35,8,0,1
"MDM2",36,26,10,0,1
"PPP2CA",18,10,8,0,1
"PTEN",41,34,7,0,1
"BCL2A1",5,3,2,0,1
"XRN1",33,27,6,0,1
"JAK3",24,12,12,0,1
"PLCG1",69,36,33,0,1
"PTN",31,13,18,0,1
"TOM1L1",13,3,10,0,1
"EGFR",113,62,51,0,1
"AMOTL2",17,15,2,0,1
"KRT15",9,7,2,0,1
"AMPH",6,2,4,0,1
"DNM1",22,15,7,0,1
"TEK",14,5,9,0,1
"ANK1",7,4,3,0,1
"NFASC",8,6,2,0,1
"SLC4A1",4,3,1,0,1
"ANK2",18,16,2,0,1
"ANK3",15,13,2,0,1
"HDAC4",33,29,4,0,1
"AURKB",11,7,4,0,1
"BCL2L1",35,28,7,0,1
"ANXA1",18,9,9,0,1
"COPS6",51,32,19,0,1
"PRKCI",26,20,6,0,1
"TGM2",18,12,6,0,1
"UNC119",46,20,26,0,1
"ANXA11",4,3,1,0,1
"S100A6",3,2,1,0,1
"C14orf1",24,18,6,0,1
"MED31",26,22,4,0,1
"AP1G1",26,24,2,0,1
"AP1M1",19,13,6,0,1
"DVL2",20,10,10,0,1
"TGOLN2",18,14,4,0,1
"AP2A1",9,4,5,0,1
"HTT",31,21,10,0,1
"AP2M1",10,6,4,0,1
"SMURF1",42,41,1,0,1
"MEGF10",8,6,2,0,1
"AP3B1",15,12,3,0,1
"CLTC",39,26,13,0,1
"CSNK1A1",20,12,8,0,1
"XPOT",12,10,2,0,1
"ARF1",20,7,13,0,1
"CASP3",79,38,41,0,1
"HSPA1A",31,20,11,0,1
"NLRP1",5,4,1,0,1
"APP",57,26,31,0,1
"APLP2",7,6,1,0,1
"CTBP1",45,37,8,0,1
"APEH",2,1,1,0,1
"APEX1",15,11,4,0,1
"PCNA",37,30,7,0,1
"LNX1",24,13,11,0,1
"SETDB1",38,29,9,0,1
"VIM",64,47,17,0,1
"KPNA2",15,12,3,0,1
"LRP1",38,25,13,0,1
"APPBP2",13,11,2,0,1
"CASP8",44,20,24,0,1
"COL4A2",15,14,1,0,1
"FBLN1",13,8,5,0,1
"GAPDH",36,18,18,0,1
"HSPG2",27,21,6,0,1
"PSEN1",25,11,14,0,1
"PSEN2",16,7,9,0,1
"SHC1",35,22,13,0,1
"SNCA",29,14,15,0,1
"TP53BP2",26,24,2,0,1
"EFEMP2",15,9,6,0,1
"AR",116,30,86,0,1
"CCNH",7,5,2,0,1
"CDC37",39,33,6,0,1
"CREBBP",128,53,75,0,1
"GTF2H1",17,14,3,0,1
"MED1",34,28,6,0,1
"NFKB1",51,18,33,0,1
"POU2F1",48,39,9,0,1
"RNF4",6,5,1,0,1
"RUNX1",81,27,54,0,1
"SMAD1",83,22,61,0,1
"SMAD3",62,24,38,0,1
"SP1",169,64,105,0,1
"TRIM24",25,16,9,0,1
"ARAF",13,11,2,0,1
"ARPC3",9,6,3,0,1
"UBQLN4",30,15,15,0,1
"PLD1",23,20,3,0,1
"ARF6",7,2,5,0,1
"ARRB2",24,12,12,0,1
"HSP90AB1",15,13,2,0,1
"PIK3R1",109,58,51,0,1
"PTPN11",76,36,40,0,1
"RASA1",34,18,16,0,1
"TUBA4A",20,10,10,0,1
"SMURF2",47,25,22,0,1
"RBPMS",26,22,4,0,1
"CBX5",50,42,8,0,1
"EZR",6,2,4,0,1
"RAC2",6,2,4,0,1
"ARHGEF11",7,4,3,0,1
"GNA12",14,6,8,0,1
"GNA13",46,31,15,0,1
"ARHGEF12",26,21,5,0,1
"CD44",10,4,6,0,1
"IGF1R",34,16,18,0,1
"ARHGEF7",14,7,7,0,1
"CBLB",32,23,9,0,1
"SMARCE1",10,4,6,0,1
"E2F1",88,23,65,0,1
"SIN3A",42,36,6,0,1
"UBE2L3",10,8,2,0,1
"UBR1",21,10,11,0,1
"FXR2",24,14,10,0,1
"ATP5J2",12,10,2,0,1
"WAS",25,12,13,0,1
"MAP2K7",24,19,5,0,1
"DVL1",18,12,6,0,1
"MAPK3",47,34,13,0,1
"FLNA",50,35,15,0,1
"HIPK3",40,34,6,0,1
"MAPK1",104,75,29,0,1
"MED8",17,11,6,0,1
"SH3KBP1",37,30,7,0,1
"BIN1",10,5,5,0,1
"ASCC2",17,14,3,0,1
"ASF1A",6,5,1,0,1
"ASGR1",11,8,3,0,1
"HSP90AA1",34,14,20,0,1
"CREB1",104,34,70,0,1
"GABPB1",19,15,4,0,1
"SPI1",62,15,47,0,1
"BATF3",4,3,1,0,1
"JUN",89,26,63,0,1
"DDIT3",12,7,5,0,1
"LUC7L2",22,13,9,0,1
"RAD9A",14,10,4,0,1
"STK11",26,21,5,0,1
"TOPBP1",11,8,3,0,1
"WRN",11,8,3,0,1
"XRCC5",28,21,7,0,1
"ATN1",39,20,19,0,1
"EWSR1",46,21,25,0,1
"KRTAP4-12",17,8,9,0,1
"SUMO2",15,9,6,0,1
"BCL2",39,28,11,0,1
"CSE1L",25,23,2,0,1
"RASSF1",16,10,6,0,1
"CDK4",25,15,10,0,1
"PIN1",54,33,21,0,1
"ATR",11,6,5,0,1
"ATXN2",10,7,3,0,1
"COIL",43,35,8,0,1
"DAZAP2",21,14,7,0,1
"U2AF2",17,13,4,0,1
"ATXN3",17,8,9,0,1
"RAD23A",16,11,5,0,1
"RNF11",50,32,18,0,1
"AURKA",11,7,4,0,1
"NME1",10,6,4,0,1
"PPP1CC",28,25,3,0,1
"AVP",4,2,2,0,1
"AVPR1A",8,6,2,0,1
"CRMP1",18,3,15,0,1
"CTNNB1",81,58,23,0,1
"EEF1A1",32,15,17,0,1
"PPP2CB",7,6,1,0,1
"PPP2R5C",14,11,3,0,1
"SH3GL1",21,12,9,0,1
"CBL",77,48,29,0,1
"LCK",66,35,31,0,1
"SOCS1",29,22,7,0,1
"B2M",12,10,2,0,1
"HLA-A",17,10,7,0,1
"EXOSC10",13,3,10,0,1
"RANBP9",12,7,5,0,1
"MAPK8",53,46,7,0,1
"PPP1CA",31,24,7,0,1
"YWHAQ",38,24,14,0,1
"PHYHIP",20,15,5,0,1
"SHANK1",11,2,9,0,1
"BAIAP2",16,10,6,0,1
"CREB3L3",2,1,1,0,1
"MAP3K7",38,29,9,0,1
"CASP1",11,5,6,0,1
"BCAR1",32,22,10,0,1
"CD2AP",37,33,4,0,1
"HCK",36,25,11,0,1
"TRIP6",20,14,6,0,1
"MAPK14",61,50,11,0,1
"GTF2A1",26,22,4,0,1
"NFKB2",18,8,10,0,1
"RUNX1T1",74,44,30,0,1
"ERCC3",5,4,1,0,1
"RBL1",33,28,5,0,1
"BMP4",4,2,2,0,1
"NEK9",8,7,1,0,1
"RAB6A",8,7,1,0,1
"CASP10",24,22,2,0,1
"DNM2",27,18,9,0,1
"CASP7",26,17,9,0,1
"DIABLO",10,7,3,0,1
"UBB",42,23,19,0,1
"BLK",5,2,3,0,1
"BMI1",11,8,3,0,1
"CBX8",17,15,2,0,1
"RING1",13,10,3,0,1
"RNF2",14,11,3,0,1
"COL1A1",52,37,15,0,1
"BMPR2",62,50,12,0,1
"BMX",7,6,1,0,1
"ITK",18,15,3,0,1
"BNIP3L",16,11,5,0,1
"RINT1",5,3,2,0,1
"MAP2K1",21,12,9,0,1
"BRCA2",11,7,4,0,1
"CCND1",28,22,6,0,1
"CDK2",51,44,7,0,1
"MLH1",7,6,1,0,1
"MYC",63,19,44,0,1
"NFYA",27,10,17,0,1
"NMI",10,9,1,0,1
"RFC1",12,10,2,0,1
"BTBD2",21,19,2,0,1
"RBL2",24,18,6,0,1
"TRIM5",6,5,1,0,1
"BTK",45,7,38,0,1
"FAS",36,16,20,0,1
"KIT",50,21,29,0,1
"LYN",83,43,40,0,1
"MYD88",23,16,7,0,1
"PLCG2",47,31,16,0,1
"PRKCQ",13,7,6,0,1
"SYK",54,15,39,0,1
"TLR4",32,21,11,0,1
"VAV1",32,25,7,0,1
"SUFU",16,14,2,0,1
"UBQLN2",10,8,2,0,1
"PLK1",26,14,12,0,1
"USHBP1",19,17,2,0,1
"C11orf58",6,2,4,0,1
"EEF1G",18,5,13,0,1
"KIAA1377",38,16,22,0,1
"SF3B1",21,15,6,0,1
"HABP4",13,10,3,0,1
"C3",23,12,11,0,1
"LAMA1",15,6,9,0,1
"FGFR3",16,7,9,0,1
"CEP70",12,7,5,0,1
"C8orf33",12,10,2,0,1
"CABP2",2,1,1,0,1
"SKP1",11,7,4,0,1
"MPP3",5,4,1,0,1
"DMD",38,32,6,0,1
"DAXX",14,10,4,0,1
"PIAS4",29,26,3,0,1
"GRB7",14,8,6,0,1
"KRAS",24,16,8,0,1
"LYST",14,11,3,0,1
"STRN4",18,13,5,0,1
"CALR",20,6,14,0,1
"GABARAP",10,4,6,0,1
"THBS1",62,54,8,0,1
"TRAF6",50,18,32,0,1
"CAMLG",6,2,4,0,1
"CANX",30,21,9,0,1
"EBI3",6,5,1,0,1
"CAPN1",10,4,6,0,1
"CAPNS1",14,9,5,0,1
"CAPRIN1",11,10,1,0,1
"RPP14",6,5,1,0,1
"TRAF1",44,27,17,0,1
"CASK",31,17,14,0,1
"GRIK2",4,3,1,0,1
"PRKD2",20,16,4,0,1
"PLA2G4A",28,19,9,0,1
"DSP",12,11,1,0,1
"EIF2AK2",33,20,13,0,1
"IL16",18,13,5,0,1
"KRT18",31,20,11,0,1
"STK4",22,21,1,0,1
"TOP1",17,15,2,0,1
"CASP4",10,5,5,0,1
"RIPK1",17,12,5,0,1
"RNF19A",17,9,8,0,1
"SUMO4",16,4,12,0,1
"HRAS",48,24,24,0,1
"ILK",23,13,10,0,1
"RAC1",39,24,15,0,1
"RHOA",23,8,15,0,1
"RUNX3",64,7,57,0,1
"CD5",17,14,3,0,1
"INSR",47,20,27,0,1
"ITCH",14,11,3,0,1
"KHDRBS1",20,14,6,0,1
"SPRY2",17,13,4,0,1
"SORBS3",15,14,1,0,1
"CBX3",13,12,1,0,1
"TRIM28",18,15,3,0,1
"CTBP2",16,13,3,0,1
"MED9",13,7,6,0,1
"MCM10",16,8,8,0,1
"CCDC91",7,4,3,0,1
"CCR5",31,21,10,0,1
"MMP3",11,8,3,0,1
"CCL19",6,3,3,0,1
"CCR10",5,4,1,0,1
"CXCL13",7,5,2,0,1
"CCL2",17,12,5,0,1
"MMP1",10,8,2,0,1
"VCAN",48,38,10,0,1
"CCL21",6,4,2,0,1
"GOT2",6,4,2,0,1
"DPP4",15,8,7,0,1
"CCR3",10,4,6,0,1
"IL8",4,3,1,0,1
"PIGR",13,11,2,0,1
"MMP14",27,15,12,0,1
"HDAC3",21,14,7,0,1
"CDK7",10,7,3,0,1
"DVL3",18,13,5,0,1
"CDK9",23,15,8,0,1
"JAK1",61,33,28,0,1
"JAK2",55,25,30,0,1
"CD4",37,21,16,0,1
"PTK2B",33,16,17,0,1
"TXK",7,4,3,0,1
"CCR6",7,5,2,0,1
"PAFAH1B2",30,27,3,0,1
"VHL",21,15,6,0,1
"ITGB2",23,9,14,0,1
"TLR2",10,6,4,0,1
"ITGA3",5,3,2,0,1
"ITGB1",70,43,27,0,1
"CD79A",9,5,4,0,1
"CD79B",9,5,4,0,1
"CD2",13,9,4,0,1
"LCP2",27,18,9,0,1
"LAT",17,8,9,0,1
"CD247",18,5,13,0,1
"TRAF3",16,11,5,0,1
"CD28",13,1,12,0,1
"GRAP2",32,22,10,0,1
"PIK3CG",17,11,6,0,1
"ITGB3",26,11,15,0,1
"CD3E",14,10,4,0,1
"PTK2",48,25,23,0,1
"GNAI1",38,22,16,0,1
"ITGAV",30,20,10,0,1
"SIRPA",15,11,4,0,1
"UBQLN1",24,16,8,0,1
"SDCBP",33,25,8,0,1
"CTLA4",10,8,2,0,1
"CD81",16,11,5,0,1
"ITGA4",15,10,5,0,1
"HLA-DRA",7,4,3,0,1
"CD8A",10,4,6,0,1
"COL4A3",11,6,5,0,1
"COL4A4",10,4,6,0,1
"SAFB",20,15,5,0,1
"CTNND1",27,24,3,0,1
"CDH2",25,20,5,0,1
"CDH5",16,10,6,0,1
"NOL12",10,9,1,0,1
"CDK5RAP1",5,3,2,0,1
"MNAT1",6,4,2,0,1
"GATA2",16,5,11,0,1
"MSX2",5,3,2,0,1
"SOX8",11,7,4,0,1
"SMARCC1",19,15,4,0,1
"NFYB",38,19,19,0,1
"SPTBN4",11,7,4,0,1
"NR5A2",20,17,3,0,1
"NEK2",5,3,2,0,1
"PRKG1",41,28,13,0,1
"SLC9A3R2",18,11,7,0,1
"CHFR",6,3,3,0,1
"POLR2E",14,10,4,0,1
"CHM",6,5,1,0,1
"RAB1A",17,15,2,0,1
"CHMP1B",8,6,2,0,1
"CHMP2A",3,1,2,0,1
"CIB1",12,9,3,0,1
"WWP1",16,12,4,0,1
"TYROBP",7,5,2,0,1
"LSM1",9,2,7,0,1
"CLIC4",29,28,1,0,1
"HGS",37,20,17,0,1
"LRP2",12,8,4,0,1
"MEST",9,7,2,0,1
"CNKSR2",16,13,3,0,1
"CNOT7",12,9,3,0,1
"MET",44,24,20,0,1
"IL6ST",26,24,2,0,1
"PTPRB",16,13,3,0,1
"TAF9",18,11,7,0,1
"PPL",11,8,3,0,1
"KDR",44,23,21,0,1
"DCN",21,12,9,0,1
"IGFBP3",19,14,5,0,1
"COL3A1",29,24,5,0,1
"LAMA5",6,5,1,0,1
"XRN2",14,8,6,0,1
"COPB1",14,9,5,0,1
"TRIM37",15,10,5,0,1
"GPS1",14,8,6,0,1
"STX5",10,9,1,0,1
"POLA2",15,12,3,0,1
"NFIL3",10,9,1,0,1
"EBF1",76,25,51,0,1
"ETS1",108,47,61,0,1
"H3F3A",3,2,1,0,1
"MAFG",14,9,5,0,1
"NCOA6",28,21,7,0,1
"NFATC2",19,10,9,0,1
"PROX1",23,18,5,0,1
"SNIP1",25,22,3,0,1
"TCF3",94,10,84,0,1
"TP53",49,15,34,0,1
"TP73",16,7,9,0,1
"GNAQ",35,15,20,0,1
"TUBB2A",18,15,3,0,1
"IRS2",20,13,7,0,1
"CRKL",45,24,21,0,1
"PXN",39,14,25,0,1
"EEF1D",30,25,5,0,1
"MAPK8IP2",21,11,10,0,1
"UBE2A",7,5,2,0,1
"CSF1",8,6,2,0,1
"INPP5D",14,7,7,0,1
"CSF2",3,2,1,0,1
"CSF2RB",19,8,11,0,1
"FES",9,6,3,0,1
"HNRNPK",21,11,10,0,1
"RNF7",8,5,3,0,1
"ERCC8",6,4,2,0,1
"HDAC1",37,23,14,0,1
"POLR2B",11,10,1,0,1
"CTGF",29,27,2,0,1
"NOV",13,9,4,0,1
"PPP2R5A",8,7,1,0,1
"ZFYVE9",17,11,6,0,1
"ERBB2IP",17,15,2,0,1
"CTSD",9,3,6,0,1
"CTTN",6,3,3,0,1
"LGALS3",13,9,4,0,1
"NCF4",5,4,1,0,1
"CYCS",5,3,2,0,1
"FMR1",14,12,2,0,1
"TRIM23",14,10,4,0,1
"PAFAH1B1",30,24,6,0,1
"DAG1",11,6,5,0,1
"TLE1",3,2,1,0,1
"MCM3",11,5,6,0,1
"MCM7",26,18,8,0,1
"SF1",23,20,3,0,1
"SRRM1",8,4,4,0,1
"DFNB31",2,1,1,0,1
"MYO15A",2,1,1,0,1
"HSPD1",24,19,5,0,1
"PTCH1",17,16,1,0,1
"DIAPH2",21,20,1,0,1
"DLEU1",6,4,2,0,1
"DLG1",46,13,33,0,1
"GNG13",3,2,1,0,1
"KCNA2",8,5,3,0,1
"DLG2",28,9,19,0,1
"NOS1",10,4,6,0,1
"DLG4",17,5,12,0,1
"NDOR1",14,13,1,0,1
"DLGAP4",6,3,3,0,1
"FLII",8,5,3,0,1
"SOX10",22,9,13,0,1
"DTNB",8,6,2,0,1
"HSPA1B",15,14,1,0,1
"DNMBP",8,5,3,0,1
"KIAA1279",9,5,4,0,1
"VTA1",24,18,6,0,1
"EMD",13,10,3,0,1
"DPYSL2",22,21,1,0,1
"TUBB",19,13,6,0,1
"NCK1",53,14,39,0,1
"NUP62",7,6,1,0,1
"MAPK11",8,7,1,0,1
"DUSP23",12,7,5,0,1
"PRPF3",4,2,2,0,1
"PNN",11,6,5,0,1
"NDUFA4L2",5,2,3,0,1
"PARD3",14,7,7,0,1
"MYO5A",15,13,2,0,1
"VDAC1",7,3,4,0,1
"MBP",25,6,19,0,1
"TFDP1",9,5,4,0,1
"E2F6",13,2,11,0,1
"ECH1",9,6,3,0,1
"RHOG",6,4,2,0,1
"FURIN",12,9,3,0,1
"GNA11",6,4,2,0,1
"EXOSC4",17,9,8,0,1
"IMMT",16,7,9,0,1
"GADD45A",16,11,5,0,1
"EFNA1",13,11,2,0,1
"EFNA4",5,4,1,0,1
"HOMER1",21,13,8,0,1
"PTPN13",14,9,5,0,1
"GOLM1",4,3,1,0,1
"SNRPD2",13,5,8,0,1
"TRIM27",8,6,2,0,1
"UPF2",20,11,9,0,1
"EIF3L",7,6,1,0,1
"EIF3E",9,4,5,0,1
"GADD45G",19,11,8,0,1
"MVD",4,3,1,0,1
"FUNDC2",5,2,3,0,1
"GNB2L1",19,14,5,0,1
"ID2",12,7,5,0,1
"ENAH",43,34,9,0,1
"ING4",8,6,2,0,1
"EPHB6",6,3,3,0,1
"SYNCRIP",25,22,3,0,1
"ERBB2",18,10,8,0,1
"FLI1",85,23,62,0,1
"PIK3CB",21,13,8,0,1
"GATA3",56,12,44,0,1
"EXOSC6",13,3,10,0,1
"RAB27A",17,10,7,0,1
"EZH2",30,8,22,0,1
"F10",11,9,2,0,1
"TJP1",36,26,10,0,1
"F2R",16,11,5,0,1
"F2RL2",10,6,4,0,1
"F2RL3",3,2,1,0,1
"RAP1A",38,23,15,0,1
"RABAC1",29,18,11,0,1
"FASLG",22,17,5,0,1
"TNFRSF1A",29,13,16,0,1
"FCER1G",10,3,7,0,1
"ZAP70",28,3,25,0,1
"FEZ1",18,5,13,0,1
"FGF1",19,13,6,0,1
"FGFR1",23,18,5,0,1
"SYT1",4,2,2,0,1
"RPS6KA3",49,40,9,0,1
"FIGF",5,3,2,0,1
"GATA1",102,4,98,0,1
"SHBG",5,2,3,0,1
"SYNJ1",14,7,7,0,1
"PTPRF",10,6,4,0,1
"TAF10",19,8,11,0,1
"RALYL",2,1,1,0,1
"SNAP23",23,15,8,0,1
"GIPC1",21,14,7,0,1
"RYK",8,7,1,0,1
"FZD9",7,5,2,0,1
"GABBR2",9,8,1,0,1
"PPP3CA",15,7,8,0,1
"TRAK2",8,6,2,0,1
"IARS",7,6,1,0,1
"NR5A1",5,3,2,0,1
"MBD3",89,17,72,0,1
"GBP2",10,3,7,0,1
"NCAM1",9,4,5,0,1
"PDLIM7",11,7,4,0,1
"GGA3",5,3,2,0,1
"RPS27A",5,3,2,0,1
"RGS19",14,7,7,0,1
"PSD",4,2,2,0,1
"HTR2A",20,12,8,0,1
"RGS20",3,2,1,0,1
"RGS4",11,10,1,0,1
"NUCB1",11,10,1,0,1
"GNAI3",26,17,9,0,1
"PLCB1",13,9,4,0,1
"NUDT18",13,7,6,0,1
"MEP1A",3,2,1,0,1
"GOLGA2",10,3,7,0,1
"RHOQ",23,18,5,0,1
"OSGEP",12,4,8,0,1
"IGF2",31,26,5,0,1
"LRSAM1",10,6,4,0,1
"TPD52L1",4,3,1,0,1
"STMN2",10,9,1,0,1
"GPRASP2",12,2,10,0,1
"GRASP",6,3,3,0,1
"PDCD6IP",26,14,12,0,1
"USP8",13,11,2,0,1
"IGSF21",7,5,2,0,1
"NSFL1C",5,4,1,0,1
"TAF1C",9,5,4,0,1
"HAND2",24,12,12,0,1
"HEYL",20,18,2,0,1
"MMP7",11,3,8,0,1
"HBEGF",12,9,3,0,1
"TARBP2",11,8,3,0,1
"NR4A1",20,6,14,0,1
"HEXDC",5,3,2,0,1
"SMAD7",23,13,10,0,1
"PLAU",12,8,4,0,1
"HLA-B",10,6,4,0,1
"NR1H2",28,3,25,0,1
"HOXA1",24,23,1,0,1
"MEIS1",22,17,5,0,1
"HOXA9",22,18,4,0,1
"PBX1",14,4,10,0,1
"HOXC8",20,18,2,0,1
"SMAD6",14,11,3,0,1
"NUAK1",34,28,6,0,1
"PARD6B",15,11,4,0,1
"IFNAR1",23,14,9,0,1
"IFNG",5,4,1,0,1
"IFNGR2",9,5,4,0,1
"IGF1",53,52,1,0,1
"IKZF1",17,5,12,0,1
"IKZF4",8,6,2,0,1
"IKZF5",7,5,2,0,1
"IL12B",5,4,1,0,1
"IL4R",12,3,9,0,1
"KCND1",8,7,1,0,1
"TICAM2",11,5,6,0,1
"IRAK1",43,20,23,0,1
"NGFR",23,12,11,0,1
"IL21",2,1,1,0,1
"IL2RA",9,5,4,0,1
"SDC1",14,6,8,0,1
"LIMS1",24,19,5,0,1
"IRF8",9,6,3,0,1
"IRF3",19,11,8,0,1
"IRF4",29,12,17,0,1
"TLN1",38,30,8,0,1
"ITGA2",14,4,10,0,1
"ITGB5",13,5,8,0,1
"VTN",11,4,7,0,1
"PTPN6",50,7,43,0,1
"RIBC2",5,3,2,0,1
"KISS1",2,1,1,0,1
"KTN1",11,8,3,0,1
"LEF1",14,6,8,0,1
"LEPR",23,12,11,0,1
"TMPO",11,7,4,0,1
"SHANK2",4,1,3,0,1
"LSM2",9,3,6,0,1
"LSM4",14,9,5,0,1
"LSM5",10,6,4,0,1
"LTA",4,2,2,0,1
"TNFRSF14",16,9,7,0,1
"LTB",7,5,2,0,1
"TRAF2",84,13,71,0,1
"ZHX1",31,23,8,0,1
"MED12",11,9,2,0,1
"MAPK8IP3",17,8,9,0,1
"TTF2",15,7,8,0,1
"MAZ",78,21,57,0,1
"ZNF512B",25,17,8,0,1
"MEF2A",25,15,10,0,1
"MINK1",12,10,2,0,1
"MOAP1",22,18,4,0,1
"TCAP",7,3,4,0,1
"RAB11A",17,14,3,0,1
"WASL",21,12,9,0,1
"NR1D2",16,14,2,0,1
"NEDD8",10,3,7,0,1
"PSMD4",8,6,2,0,1
"NEUROD1",4,3,1,0,1
"RELB",10,8,2,0,1
"NTRK1",10,1,9,0,1
"NONO",10,5,5,0,1
"SFPQ",11,6,5,0,1
"NOP2",7,5,2,0,1
"NPM1",6,3,3,0,1
"RPGR",4,3,1,0,1
"VDR",19,9,10,0,1
"NRD1",12,11,1,0,1
"STX4",14,8,6,0,1
"NUP98",17,11,6,0,1
"OLFM2",5,2,3,0,1
"BACH2",49,43,6,0,1
"WT1",3,2,1,0,1
"PDCD10",10,9,1,0,1
"RAD50",9,5,4,0,1
"PDGFRB",45,16,29,0,1
"PFN2",12,9,3,0,1
"SCMH1",2,1,1,0,1
"TRPC3",13,5,8,0,1
"POLR3F",4,2,2,0,1
"WBP11",8,3,5,0,1
"PPP1R9B",10,5,5,0,1
"PRKAA2",7,5,2,0,1
"PROS1",5,2,3,0,1
"PSMA1",6,2,4,0,1
"PTGDS",6,4,2,0,1
"PTGFR",10,8,2,0,1
"RAB3IL1",4,3,1,0,1
"RAB3A",4,2,2,0,1
"SPG21",4,3,1,0,1
"VAMP2",14,10,4,0,1
"UTP14A",8,5,3,0,1
"TCEB3",14,12,2,0,1
"SMARCC2",9,5,4,0,1
"RFX1",19,13,6,0,1
"RNF216",6,4,2,0,1
"RUVBL1",3,2,1,0,1
"TAF11",14,9,5,0,1
"TNFSF13",5,3,2,0,1
"SDCBP2",4,1,3,0,1
"SEMA4D",6,5,1,0,1
"SERPINE1",21,16,5,0,1
"SMAD5",37,27,10,0,1
"SH3GL3",7,1,6,0,1
"SIX1",5,4,1,0,1
"SOX5",15,13,2,0,1
"ZNF8",11,5,6,0,1
"SMG5",7,6,1,0,1
"UPF1",13,7,6,0,1
"STX11",10,8,2,0,1
"TCEB1",9,7,2,0,1
"SOX4",23,21,2,0,1
"SOX6",12,10,2,0,1
"SOX9",5,1,4,0,1
"NKX3-1",6,2,4,0,1
"SSBP2",6,5,1,0,1
"STAT4",10,3,7,0,1
"SYTL4",3,2,1,0,1
"TRAP1",9,6,3,0,1
"TNFRSF10B",9,4,5,0,1
"TNFRSF13C",11,9,2,0,1
"WASH2P",2,1,1,0,1
"TNFRSF4",5,1,4,0,1
"TNFSF14",5,3,2,0,1
"TNPO2",7,6,1,0,1
"ZBTB43",10,9,1,0,1
"ZNF417",6,4,2,0,1
"ZNF446",10,8,2,0,1
"GATA6",55,42,13,0,1
"hsa-let-7i-5p",332,33,299,0,1
"hsa-miR-103a-2-5p",40,28,12,0,1
"hsa-miR-130a-5p",326,10,316,0,1
"BARX1",6,3,3,0,1
"hsa-miR-181a-5p",182,21,161,0,1
"hsa-miR-196b-5p",230,13,217,0,1
"hsa-miR-199b-5p",264,13,251,0,1
"hsa-miR-200c-5p",294,38,256,0,1
"hsa-miR-21-5p",231,43,188,0,1
"hsa-miR-214-5p",130,16,114,0,1
"hsa-miR-22-5p",253,25,228,0,1
"hsa-miR-23a-5p",550,35,515,0,1
"hsa-miR-24-1-5p",339,22,317,0,1
"hsa-miR-26a-5p",336,32,304,0,1
"hsa-miR-31-5p",182,10,172,0,1
"hsa-miR-338-5p",140,11,129,0,1
"hsa-miR-4638-5p",51,33,18,0,1
"hsa-miR-548aw",26,11,15,0,1
"hsa-miR-615-5p",42,5,37,0,1
"hsa-miR-92a-1-5p",155,12,143,0,1
"hsa-miR-99a-5p",140,28,112,0,1
