"Name","K","Kin","Kout","TypeI","TypeII","weight","Type"
"PIK3CA",54,44,10,0,1,381,"coding"
"TP53",146,35,111,0,1,328,"coding"
"TTN",12,8,4,0,1,293,"coding"
"LRP2",24,14,10,0,1,39,"coding"
"LRP1",51,39,12,0,1,33,"coding"
"MAP2K4",50,43,7,0,1,33,"coding"
"RYR1",8,4,4,0,1,30,"coding"
"AKAP9",42,38,4,0,1,27,"coding"
"LYST",25,22,3,0,1,27,"coding"
"PRKDC",69,61,8,0,1,26,"coding"
"FLNA",71,58,13,0,1,24,"coding"
"MED12",15,13,2,0,1,24,"coding"
"VCAN",69,59,10,0,1,24,"coding"
"RB1",135,115,20,0,1,23,"coding"
"ZFHX3",106,105,1,0,1,21,"coding"
"BRCA2",20,16,4,0,1,19,"coding"
"PIK3R1",129,87,42,0,1,18,"coding"
"SF3B1",49,43,6,0,1,18,"coding"
"CACNA1C",71,70,1,0,1,17,"coding"
"CHD3",45,32,13,0,1,16,"coding"
"HSPG2",33,28,5,0,1,16,"coding"
"POLA1",16,13,3,0,1,16,"coding"
"PTPN13",25,21,4,0,1,16,"coding"
"SPTAN1",25,19,6,0,1,16,"coding"
"TLN1",77,71,6,0,1,16,"coding"
"ATN1",46,32,14,0,1,15,"coding"
"CBLB",46,38,8,0,1,15,"coding"
"CNKSR2",32,31,1,0,1,15,"coding"
"CREBBP",294,86,208,0,1,15,"coding"
"DLG1",39,17,22,0,1,15,"coding"
"MPDZ",17,12,5,0,1,15,"coding"
"EP300",167,145,22,0,1,14,"coding"
"HTT",60,49,11,0,1,14,"coding"
"NUP98",46,40,6,0,1,14,"coding"
"RANBP2",62,51,11,0,1,14,"coding"
"TOPBP1",29,26,3,0,1,14,"coding"
"ARHGEF12",54,48,6,0,1,13,"coding"
"ATR",19,13,6,0,1,13,"coding"
"CASP8",47,28,19,0,1,13,"coding"
"FN1",85,70,15,0,1,13,"coding"
"GNAS",57,54,3,0,1,13,"coding"
"NOS1",18,13,5,0,1,13,"coding"
"PLCB1",26,22,4,0,1,13,"coding"
"ROBO2",46,38,8,0,1,13,"coding"
"ABCA1",54,48,6,0,1,12,"coding"
"CNTNAP2",26,24,2,0,1,12,"coding"
"HTATSF1",9,7,2,0,1,12,"coding"
"JAK1",72,46,26,0,1,12,"coding"
"MYB",364,33,331,0,1,12,"coding"
"NID1",45,43,2,0,1,12,"coding"
"PTCH1",31,30,1,0,1,12,"coding"
"PTPRB",41,38,3,0,1,12,"coding"
"PTPRZ1",15,11,4,0,1,12,"coding"
"TCF12",310,26,284,0,1,12,"coding"
"AP3B1",41,38,3,0,1,11,"coding"
"BACH2",104,83,21,0,1,11,"coding"
"GPRASP1",25,9,16,0,1,11,"coding"
"GPRASP2",21,10,11,0,1,11,"coding"
"INSR",72,48,24,0,1,11,"coding"
"MAP1B",106,98,8,0,1,11,"coding"
"MYLK",69,65,4,0,1,11,"coding"
"NFASC",12,11,1,0,1,11,"coding"
"NLGN3",13,11,2,0,1,11,"coding"
"PRKCQ",14,9,5,0,1,11,"coding"
"RET",29,19,10,0,1,11,"coding"
"XRN1",60,54,6,0,1,11,"coding"
"AFF1",88,77,11,0,1,10,"coding"
"BMX",8,7,1,0,1,10,"coding"
"CDK5RAP2",8,6,2,0,1,10,"coding"
"HIPK2",46,43,3,0,1,10,"coding"
"IL1RAP",41,33,8,0,1,10,"coding"
"ITSN1",59,51,8,0,1,10,"coding"
"MAGI2",33,31,2,0,1,10,"coding"
"MED14",43,40,3,0,1,10,"coding"
"MET",67,50,17,0,1,10,"coding"
"PROX1",59,47,12,0,1,10,"coding"
"RIC8A",27,25,2,0,1,10,"coding"
"SATB1",68,62,6,0,1,10,"coding"
"SHANK1",14,5,9,0,1,10,"coding"
"SIN3A",61,55,6,0,1,10,"coding"
"SMC1A",74,67,7,0,1,10,"coding"
"TRAK2",32,30,2,0,1,10,"coding"
"UBR1",39,29,10,0,1,10,"coding"
"ACVR2A",59,57,2,0,1,9,"coding"
"APBA1",32,29,3,0,1,9,"coding"
"APP",106,85,21,0,1,9,"coding"
"ATXN1",172,145,27,0,1,9,"coding"
"CHUK",48,33,15,0,1,9,"coding"
"CUL9",8,6,2,0,1,9,"coding"
"ETV5",45,27,18,0,1,9,"coding"
"EWSR1",44,24,20,0,1,9,"coding"
"FLII",14,12,2,0,1,9,"coding"
"IL6ST",118,114,4,0,1,9,"coding"
"ITGB2",27,9,18,0,1,9,"coding"
"KIAA1377",44,19,25,0,1,9,"coding"
"NTRK1",11,3,8,0,1,9,"coding"
"PIK3CB",52,44,8,0,1,9,"coding"
"PRKCE",44,37,7,0,1,9,"coding"
"RFX4",9,8,1,0,1,9,"coding"
"RGS3",17,14,3,0,1,9,"coding"
"RPS6KA3",112,102,10,0,1,9,"coding"
"RTN4",45,39,6,0,1,9,"coding"
"SMARCC1",59,42,17,0,1,9,"coding"
"USP8",30,28,2,0,1,9,"coding"
"A2M",19,8,11,0,1,8,"coding"
"ABL1",77,46,31,0,1,8,"coding"
"ARHGEF7",28,22,6,0,1,8,"coding"
"BMPR2",105,92,13,0,1,8,"coding"
"CACHD1",19,18,1,0,1,8,"coding"
"CDC25C",14,9,5,0,1,8,"coding"
"CREB3L3",5,2,3,0,1,8,"coding"
"DLG2",49,34,15,0,1,8,"coding"
"EEF1A1",61,51,10,0,1,8,"coding"
"ELN",25,23,2,0,1,8,"coding"
"IARS",31,30,1,0,1,8,"coding"
"ILF3",40,39,1,0,1,8,"coding"
"IRF3",37,18,19,0,1,8,"coding"
"ITK",19,16,3,0,1,8,"coding"
"JAK3",28,16,12,0,1,8,"coding"
"KDR",52,31,21,0,1,8,"coding"
"MAPK8IP3",34,25,9,0,1,8,"coding"
"MCM10",36,28,8,0,1,8,"coding"
"NCOR2",91,52,39,0,1,8,"coding"
"NOTCH1",55,50,5,0,1,8,"coding"
"NR1H2",61,14,47,0,1,8,"coding"
"NUAK1",45,41,4,0,1,8,"coding"
"PARD3",45,39,6,0,1,8,"coding"
"PDGFRB",41,22,19,0,1,8,"coding"
"PKP4",27,26,1,0,1,8,"coding"
"PLCG1",81,58,23,0,1,8,"coding"
"PLCG2",79,63,16,0,1,8,"coding"
"POLR2B",24,23,1,0,1,8,"coding"
"PPL",29,28,1,0,1,8,"coding"
"PRKD2",28,24,4,0,1,8,"coding"
"PTK2",59,37,22,0,1,8,"coding"
"RAD50",24,21,3,0,1,8,"coding"
"RFC1",21,19,2,0,1,8,"coding"
"RFX3",45,44,1,0,1,8,"coding"
"SOS2",35,31,4,0,1,8,"coding"
"SPTBN1",56,51,5,0,1,8,"coding"
"SYNCRIP",105,104,1,0,1,8,"coding"
"TEK",18,11,7,0,1,8,"coding"
"THBS1",110,100,10,0,1,8,"coding"
"TJP1",60,53,7,0,1,8,"coding"
"USP13",30,26,4,0,1,8,"coding"
"ZNF638",43,38,5,0,1,8,"coding"
"ACTN4",44,42,2,0,1,7,"coding"
"AXIN1",37,20,17,0,1,7,"coding"
"BCAR1",33,26,7,0,1,7,"coding"
"BTK",41,10,31,0,1,7,"coding"
"CD72",5,4,1,0,1,7,"coding"
"CHM",11,10,1,0,1,7,"coding"
"CRMP1",34,24,10,0,1,7,"coding"
"DNM2",43,38,5,0,1,7,"coding"
"DPP4",17,10,7,0,1,7,"coding"
"FEZ1",15,5,10,0,1,7,"coding"
"FMR1",41,39,2,0,1,7,"coding"
"GDF9",10,4,6,0,1,7,"coding"
"GRIK3",59,58,1,0,1,7,"coding"
"HDAC4",53,50,3,0,1,7,"coding"
"IGF1R",184,169,15,0,1,7,"coding"
"IL16",17,12,5,0,1,7,"coding"
"IQGAP1",49,42,7,0,1,7,"coding"
"ITGAV",43,34,9,0,1,7,"coding"
"JAK2",60,31,29,0,1,7,"coding"
"LEPR",28,17,11,0,1,7,"coding"
"MCM7",68,57,11,0,1,7,"coding"
"MEIS1",48,41,7,0,1,7,"coding"
"PDGFRA",85,70,15,0,1,7,"coding"
"PHC2",35,31,4,0,1,7,"coding"
"PLA2G4A",39,32,7,0,1,7,"coding"
"POLR2A",76,67,9,0,1,7,"coding"
"PRKCB",46,36,10,0,1,7,"coding"
"PTK2B",36,20,16,0,1,7,"coding"
"RHOA",57,49,8,0,1,7,"coding"
"SMG5",18,17,1,0,1,7,"coding"
"TRIM24",48,40,8,0,1,7,"coding"
"VAV1",36,28,8,0,1,7,"coding"
"WRN",26,24,2,0,1,7,"coding"
"WWP1",40,37,3,0,1,7,"coding"
"ACTN1",44,36,8,0,1,6,"coding"
"AP2A1",29,23,6,0,1,6,"coding"
"ATF7IP",84,64,20,0,1,6,"coding"
"BLK",4,2,2,0,1,6,"coding"
"CCNB1",94,82,12,0,1,6,"coding"
"CLTC",101,88,13,0,1,6,"coding"
"CNKSR1",5,3,2,0,1,6,"coding"
"CSE1L",59,57,2,0,1,6,"coding"
"DISC1",34,32,2,0,1,6,"coding"
"EBF1",293,37,256,0,1,6,"coding"
"GNAZ",8,6,2,0,1,6,"coding"
"GRIN2D",18,12,6,0,1,6,"coding"
"HGS",37,20,17,0,1,6,"coding"
"HSPA8",85,71,14,0,1,6,"coding"
"HSPD1",49,43,6,0,1,6,"coding"
"IKBKB",31,28,3,0,1,6,"coding"
"IL4R",18,9,9,0,1,6,"coding"
"KAT2B",55,49,6,0,1,6,"coding"
"KIF5B",71,69,2,0,1,6,"coding"
"LYN",103,68,35,0,1,6,"coding"
"MAPK6",118,87,31,0,1,6,"coding"
"MEF2A",70,35,35,0,1,6,"coding"
"NCAM1",24,19,5,0,1,6,"coding"
"NCOA2",71,58,13,0,1,6,"coding"
"NCOA5",10,9,1,0,1,6,"coding"
"NEDD4",54,50,4,0,1,6,"coding"
"NFKB2",78,12,66,0,1,6,"coding"
"PIK3CG",23,21,2,0,1,6,"coding"
"PIK3R3",49,45,4,0,1,6,"coding"
"PIK3R5",7,6,1,0,1,6,"coding"
"PIP4K2C",43,37,6,0,1,6,"coding"
"PLAT",22,20,2,0,1,6,"coding"
"POLA2",47,43,4,0,1,6,"coding"
"PPP3CA",38,31,7,0,1,6,"coding"
"PRKAR1A",63,48,15,0,1,6,"coding"
"PRKD1",32,28,4,0,1,6,"coding"
"PRPF3",6,4,2,0,1,6,"coding"
"RBL1",75,70,5,0,1,6,"coding"
"RGS4",21,20,1,0,1,6,"coding"
"RIPK1",13,9,4,0,1,6,"coding"
"SH3D19",58,56,2,0,1,6,"coding"
"SMURF2",78,59,19,0,1,6,"coding"
"STAU1",45,38,7,0,1,6,"coding"
"STUB1",17,6,11,0,1,6,"coding"
"TARBP2",30,27,3,0,1,6,"coding"
"UBQLN4",49,28,21,0,1,6,"coding"
"USP7",40,36,4,0,1,6,"coding"
"VCL",114,84,30,0,1,6,"coding"
"WAS",25,12,13,0,1,6,"coding"
"WASF1",29,27,2,0,1,6,"coding"
"WNT5B",6,5,1,0,1,6,"coding"
"ACTB",126,103,23,0,1,5,"coding"
"ANXA1",19,13,6,0,1,5,"coding"
"ASCC2",18,14,4,0,1,5,"coding"
"BUB1B",11,9,2,0,1,5,"coding"
"CD22",10,7,3,0,1,5,"coding"
"CSF2RB",20,9,11,0,1,5,"coding"
"DLST",22,20,2,0,1,5,"coding"
"DPYSL2",41,40,1,0,1,5,"coding"
"E2F1",670,66,604,0,1,5,"coding"
"EED",43,41,2,0,1,5,"coding"
"EGFR",130,89,41,0,1,5,"coding"
"EIF2S2",46,43,3,0,1,5,"coding"
"ELK1",91,29,62,0,1,5,"coding"
"EPB41",67,50,17,0,1,5,"coding"
"ERCC3",17,14,3,0,1,5,"coding"
"F10",11,8,3,0,1,5,"coding"
"F2R",38,32,6,0,1,5,"coding"
"GGA1",36,31,5,0,1,5,"coding"
"GOLGA2",36,30,6,0,1,5,"coding"
"HDAC1",38,30,8,0,1,5,"coding"
"HOOK2",11,9,2,0,1,5,"coding"
"HTR2A",33,25,8,0,1,5,"coding"
"ITGB1",82,56,26,0,1,5,"coding"
"ITGB7",9,3,6,0,1,5,"coding"
"LRSAM1",16,11,5,0,1,5,"coding"
"LUC7L2",52,44,8,0,1,5,"coding"
"MAP2K1",52,45,7,0,1,5,"coding"
"MEN1",23,22,1,0,1,5,"coding"
"MMP3",12,9,3,0,1,5,"coding"
"NCOA1",95,64,31,0,1,5,"coding"
"NFKB1",168,33,135,0,1,5,"coding"
"NUP62",46,44,2,0,1,5,"coding"
"PNN",31,26,5,0,1,5,"coding"
"PORCN",4,3,1,0,1,5,"coding"
"PPARG",143,19,124,0,1,5,"coding"
"PRKCD",55,41,14,0,1,5,"coding"
"PRKG1",51,40,11,0,1,5,"coding"
"PRPF40A",76,61,15,0,1,5,"coding"
"PSEN2",15,9,6,0,1,5,"coding"
"PTGDS",6,4,2,0,1,5,"coding"
"SCARB1",18,17,1,0,1,5,"coding"
"SOS1",69,50,19,0,1,5,"coding"
"SYK",57,26,31,0,1,5,"coding"
"SYT2",50,49,1,0,1,5,"coding"
"TBC1D17",17,15,2,0,1,5,"coding"
"TES",56,52,4,0,1,5,"coding"
"TOP1",31,29,2,0,1,5,"coding"
"TRIM28",41,40,1,0,1,5,"coding"
"TRIM37",58,53,5,0,1,5,"coding"
"TRPC3",24,18,6,0,1,5,"coding"
"ZNF417",45,43,2,0,1,5,"coding"
"AP1M1",24,18,6,0,1,4,"coding"
"AP2B1",68,59,9,0,1,4,"coding"
"AP2M1",34,32,2,0,1,4,"coding"
"APLP2",38,37,1,0,1,4,"coding"
"APOA1",10,5,5,0,1,4,"coding"
"ARNT",51,26,25,0,1,4,"coding"
"BID",40,33,7,0,1,4,"coding"
"BTRC",72,61,11,0,1,4,"coding"
"CAMK2A",26,24,2,0,1,4,"coding"
"CAV1",93,68,25,0,1,4,"coding"
"CBL",107,80,27,0,1,4,"coding"
"CCR1",11,9,2,0,1,4,"coding"
"CD2",11,7,4,0,1,4,"coding"
"CD244",10,8,2,0,1,4,"coding"
"CD4",37,26,11,0,1,4,"coding"
"CD44",23,20,3,0,1,4,"coding"
"COL2A1",8,6,2,0,1,4,"coding"
"CSNK1A1",101,90,11,0,1,4,"coding"
"DCTN1",11,9,2,0,1,4,"coding"
"DNAJC3",35,32,3,0,1,4,"coding"
"EEF1D",48,43,5,0,1,4,"coding"
"ETS1",293,71,222,0,1,4,"coding"
"FAM46A",52,50,2,0,1,4,"coding"
"FGFR3",23,15,8,0,1,4,"coding"
"GIT1",41,31,10,0,1,4,"coding"
"GNA11",26,21,5,0,1,4,"coding"
"HAND2",71,33,38,0,1,4,"coding"
"HTRA1",18,12,6,0,1,4,"coding"
"IMMT",31,21,10,0,1,4,"coding"
"INPP5D",17,9,8,0,1,4,"coding"
"ITCH",34,32,2,0,1,4,"coding"
"ITGA6",40,32,8,0,1,4,"coding"
"ITGB5",28,18,10,0,1,4,"coding"
"KPNA2",84,81,3,0,1,4,"coding"
"KPNB1",88,74,14,0,1,4,"coding"
"KRT18",26,20,6,0,1,4,"coding"
"KRT5",6,3,3,0,1,4,"coding"
"MAP3K7",72,63,9,0,1,4,"coding"
"MAPT",54,46,8,0,1,4,"coding"
"MCM3",47,41,6,0,1,4,"coding"
"MED1",46,41,5,0,1,4,"coding"
"MEOX2",22,21,1,0,1,4,"coding"
"MPP3",8,7,1,0,1,4,"coding"
"NCF4",5,4,1,0,1,4,"coding"
"PAX3",28,26,2,0,1,4,"coding"
"PAX6",37,32,5,0,1,4,"coding"
"PDLIM7",17,14,3,0,1,4,"coding"
"PIK3R2",19,14,5,0,1,4,"coding"
"PKN1",18,16,2,0,1,4,"coding"
"PLAU",20,16,4,0,1,4,"coding"
"PRKCA",126,76,50,0,1,4,"coding"
"PROS1",5,2,3,0,1,4,"coding"
"RAF1",61,47,14,0,1,4,"coding"
"RALY",24,23,1,0,1,4,"coding"
"RFX2",12,10,2,0,1,4,"coding"
"RPS6KA5",76,70,6,0,1,4,"coding"
"SAFB",22,16,6,0,1,4,"coding"
"SDCBP2",3,1,2,0,1,4,"coding"
"SFPQ",226,71,155,0,1,4,"coding"
"SFRP1",19,18,1,0,1,4,"coding"
"SGK1",56,54,2,0,1,4,"coding"
"SGSM2",35,29,6,0,1,4,"coding"
"SHC1",41,33,8,0,1,4,"coding"
"SMAD3",158,49,109,0,1,4,"coding"
"SNAP25",24,22,2,0,1,4,"coding"
"STAT1",500,30,470,0,1,4,"coding"
"STX6",66,63,3,0,1,4,"coding"
"SYNJ1",33,27,6,0,1,4,"coding"
"TCF3",387,28,359,0,1,4,"coding"
"TGFBR1",118,80,38,0,1,4,"coding"
"TGFBR2",127,114,13,0,1,4,"coding"
"TNFRSF1A",30,15,15,0,1,4,"coding"
"TRAF3",49,42,7,0,1,4,"coding"
"TRAF6",63,36,27,0,1,4,"coding"
"TRIM23",42,37,5,0,1,4,"coding"
"TTF2",72,63,9,0,1,4,"coding"
"UBE3A",58,53,5,0,1,4,"coding"
"WBP11",30,24,6,0,1,4,"coding"
"WT1",21,20,1,0,1,4,"coding"
"XRCC6",66,55,11,0,1,4,"coding"
"XRN2",18,15,3,0,1,4,"coding"
"ZFYVE9",33,28,5,0,1,4,"coding"
"ZNF250",22,20,2,0,1,4,"coding"
"AP1S1",35,34,1,0,1,3,"coding"
"APPL1",48,42,6,0,1,3,"coding"
"B2M",30,29,1,0,1,3,"coding"
"BCL10",27,20,7,0,1,3,"coding"
"C19orf57",7,6,1,0,1,3,"coding"
"CAPRIN1",70,69,1,0,1,3,"coding"
"CASP9",27,22,5,0,1,3,"coding"
"CD3E",16,12,4,0,1,3,"coding"
"CD5",17,14,3,0,1,3,"coding"
"CDC37",46,41,5,0,1,3,"coding"
"CDK7",11,9,2,0,1,3,"coding"
"CHMP2A",12,10,2,0,1,3,"coding"
"COIL",56,50,6,0,1,3,"coding"
"COPS6",46,30,16,0,1,3,"coding"
"CSNK2A1",139,116,23,0,1,3,"coding"
"CTGF",51,49,2,0,1,3,"coding"
"CTNNB1",101,79,22,0,1,3,"coding"
"CXCR4",26,16,10,0,1,3,"coding"
"E2F3",277,143,134,0,1,3,"coding"
"EFEMP2",24,18,6,0,1,3,"coding"
"EFNA1",45,44,1,0,1,3,"coding"
"EFNA3",26,25,1,0,1,3,"coding"
"EIF2AK2",70,55,15,0,1,3,"coding"
"ETF1",34,33,1,0,1,3,"coding"
"FGFR1",48,45,3,0,1,3,"coding"
"FIGF",5,3,2,0,1,3,"coding"
"FLOT2",19,18,1,0,1,3,"coding"
"GNAI2",59,54,5,0,1,3,"coding"
"GRK6",30,26,4,0,1,3,"coding"
"HEXDC",6,3,3,0,1,3,"coding"
"HSP90AA1",103,79,24,0,1,3,"coding"
"IGBP1",17,15,2,0,1,3,"coding"
"ILK",39,29,10,0,1,3,"coding"
"IRF4",100,37,63,0,1,3,"coding"
"JUN",400,58,342,0,1,3,"coding"
"KCNA3",9,7,2,0,1,3,"coding"
"KIAA1279",30,26,4,0,1,3,"coding"
"KRT8",21,15,6,0,1,3,"coding"
"LCP2",25,17,8,0,1,3,"coding"
"MAD2L2",8,5,3,0,1,3,"coding"
"MAP3K2",90,88,2,0,1,3,"coding"
"MAPK8",87,80,7,0,1,3,"coding"
"MBD3",383,38,345,0,1,3,"coding"
"MBP",20,9,11,0,1,3,"coding"
"MDM2",155,144,11,0,1,3,"coding"
"MED8",47,42,5,0,1,3,"coding"
"MELK",64,63,1,0,1,3,"coding"
"PDCD10",32,31,1,0,1,3,"coding"
"PHYHIP",42,37,5,0,1,3,"coding"
"PPP2CA",99,88,11,0,1,3,"coding"
"PRKAR2A",69,64,5,0,1,3,"coding"
"PRKCG",5,2,3,0,1,3,"coding"
"PSEN1",49,34,15,0,1,3,"coding"
"PSMD4",11,9,2,0,1,3,"coding"
"RAB11A",60,58,2,0,1,3,"coding"
"RAD23A",22,16,6,0,1,3,"coding"
"RANBP10",17,16,1,0,1,3,"coding"
"RBP1",11,8,3,0,1,3,"coding"
"RCC1",36,31,5,0,1,3,"coding"
"RDX",71,66,5,0,1,3,"coding"
"RINT1",12,9,3,0,1,3,"coding"
"RUVBL1",14,13,1,0,1,3,"coding"
"SDC1",24,22,2,0,1,3,"coding"
"SIRPA",43,40,3,0,1,3,"coding"
"SLC9A3R1",34,20,14,0,1,3,"coding"
"SPI1",328,20,308,0,1,3,"coding"
"STAMBP",32,30,2,0,1,3,"coding"
"STK4",92,91,1,0,1,3,"coding"
"STRN4",30,25,5,0,1,3,"coding"
"STX4",33,28,5,0,1,3,"coding"
"SUFU",33,31,2,0,1,3,"coding"
"TAF4",39,34,5,0,1,3,"coding"
"TFDP1",43,39,4,0,1,3,"coding"
"THRA",92,87,5,0,1,3,"coding"
"TNNT1",10,6,4,0,1,3,"coding"
"TRAF4",21,18,3,0,1,3,"coding"
"TRAF5",27,23,4,0,1,3,"coding"
"TRIP6",24,17,7,0,1,3,"coding"
"TUBB",80,68,12,0,1,3,"coding"
"TUBB2B",17,11,6,0,1,3,"coding"
"UPF1",25,21,4,0,1,3,"coding"
"VTN",5,2,3,0,1,3,"coding"
"XRCC5",51,45,6,0,1,3,"coding"
"YBX1",41,36,5,0,1,3,"coding"
"YWHAZ",190,147,43,0,1,3,"coding"
"ZAP70",30,5,25,0,1,3,"coding"
"ZBTB43",63,62,1,0,1,3,"coding"
"ADRB2",21,15,6,0,1,2,"coding"
"AKT1",65,48,17,0,1,2,"coding"
"AMOTL2",54,52,2,0,1,2,"coding"
"ANXA7",58,46,12,0,1,2,"coding"
"AP1M2",8,5,3,0,1,2,"coding"
"APPBP2",47,45,2,0,1,2,"coding"
"ARF1",54,48,6,0,1,2,"coding"
"ARRB2",38,25,13,0,1,2,"coding"
"BIN1",14,11,3,0,1,2,"coding"
"BMI1",55,52,3,0,1,2,"coding"
"BMP4",12,8,4,0,1,2,"coding"
"C11orf58",31,25,6,0,1,2,"coding"
"CALCOCO2",44,37,7,0,1,2,"coding"
"CASP7",25,22,3,0,1,2,"coding"
"CCL21",7,4,3,0,1,2,"coding"
"CCNE1",44,38,6,0,1,2,"coding"
"CCR3",12,5,7,0,1,2,"coding"
"CD28",35,23,12,0,1,2,"coding"
"CD2AP",80,77,3,0,1,2,"coding"
"CD48",13,9,4,0,1,2,"coding"
"CD79B",9,5,4,0,1,2,"coding"
"CDH2",39,35,4,0,1,2,"coding"
"CDK2",101,92,9,0,1,2,"coding"
"CDK5",27,21,6,0,1,2,"coding"
"CDK6",145,142,3,0,1,2,"coding"
"CDKN2A",27,25,2,0,1,2,"coding"
"CPE",52,47,5,0,1,2,"coding"
"CREB1",373,72,301,0,1,2,"coding"
"CTTN",25,23,2,0,1,2,"coding"
"DCN",23,15,8,0,1,2,"coding"
"DMPK",31,28,3,0,1,2,"coding"
"E2F6",377,35,342,0,1,2,"coding"
"EDA",6,5,1,0,1,2,"coding"
"EFNA4",7,6,1,0,1,2,"coding"
"EMD",26,22,4,0,1,2,"coding"
"F2RL2",34,31,3,0,1,2,"coding"
"FLOT1",20,18,2,0,1,2,"coding"
"GABARAP",20,14,6,0,1,2,"coding"
"GARS",38,37,1,0,1,2,"coding"
"GATA1",425,5,420,0,1,2,"coding"
"GHRL",3,1,2,0,1,2,"coding"
"GNA12",33,24,9,0,1,2,"coding"
"GNAI1",43,31,12,0,1,2,"coding"
"GNAO1",17,13,4,0,1,2,"coding"
"GNB5",40,37,3,0,1,2,"coding"
"GRAP2",48,40,8,0,1,2,"coding"
"GRASP",8,6,2,0,1,2,"coding"
"GRK5",37,29,8,0,1,2,"coding"
"GSK3B",135,99,36,0,1,2,"coding"
"GSN",35,28,7,0,1,2,"coding"
"GTF2H1",32,27,5,0,1,2,"coding"
"HDHD2",15,13,2,0,1,2,"coding"
"HNRNPA1",78,73,5,0,1,2,"coding"
"HNRNPK",53,43,10,0,1,2,"coding"
"HOMER1",43,35,8,0,1,2,"coding"
"HRAS",45,24,21,0,1,2,"coding"
"IDH3B",7,6,1,0,1,2,"coding"
"IGSF21",10,7,3,0,1,2,"coding"
"IL12B",7,6,1,0,1,2,"coding"
"IL18",9,6,3,0,1,2,"coding"
"IL21",2,1,1,0,1,2,"coding"
"IL2RG",11,8,3,0,1,2,"coding"
"ING4",8,6,2,0,1,2,"coding"
"IRF8",10,7,3,0,1,2,"coding"
"KCNA2",11,9,2,0,1,2,"coding"
"KHDRBS1",34,29,5,0,1,2,"coding"
"LCK",63,34,29,0,1,2,"coding"
"LSM5",14,10,4,0,1,2,"coding"
"MAP2K7",38,33,5,0,1,2,"coding"
"MAPK14",90,78,12,0,1,2,"coding"
"MAPK3",45,39,6,0,1,2,"coding"
"MAPK8IP2",29,22,7,0,1,2,"coding"
"MMP1",15,12,3,0,1,2,"coding"
"NCK1",58,23,35,0,1,2,"coding"
"NCKIPSD",46,43,3,0,1,2,"coding"
"NEK2",15,10,5,0,1,2,"coding"
"NMI",14,13,1,0,1,2,"coding"
"NOV",13,9,4,0,1,2,"coding"
"NR1D2",40,38,2,0,1,2,"coding"
"NR1H3",51,11,40,0,1,2,"coding"
"NUDT21",45,35,10,0,1,2,"coding"
"PBX1",253,52,201,0,1,2,"coding"
"PDPK1",98,89,9,0,1,2,"coding"
"PLEKHF2",44,42,2,0,1,2,"coding"
"PLK1",61,40,21,0,1,2,"coding"
"PLP1",15,14,1,0,1,2,"coding"
"PPP1R8",22,16,6,0,1,2,"coding"
"PPP2CB",25,24,1,0,1,2,"coding"
"PRKCZ",26,9,17,0,1,2,"coding"
"PSMC5",18,16,2,0,1,2,"coding"
"PTPN6",52,13,39,0,1,2,"coding"
"RAB10",75,74,1,0,1,2,"coding"
"RAB3A",5,3,2,0,1,2,"coding"
"RABAC1",47,34,13,0,1,2,"coding"
"RAP1A",57,44,13,0,1,2,"coding"
"RASA1",72,51,21,0,1,2,"coding"
"RXRG",9,7,2,0,1,2,"coding"
"SDC3",21,14,7,0,1,2,"coding"
"SDC4",30,27,3,0,1,2,"coding"
"SELE",16,11,5,0,1,2,"coding"
"SIX5",138,37,101,0,1,2,"coding"
"SLC35E1",29,27,2,0,1,2,"coding"
"SMAD5",87,78,9,0,1,2,"coding"
"SMARCE1",29,25,4,0,1,2,"coding"
"SNAP23",37,31,6,0,1,2,"coding"
"SNRPD2",18,10,8,0,1,2,"coding"
"STK11",45,40,5,0,1,2,"coding"
"SYT1",46,42,4,0,1,2,"coding"
"TAF1C",10,7,3,0,1,2,"coding"
"TAF9",20,14,6,0,1,2,"coding"
"TGFB1",31,21,10,0,1,2,"coding"
"TICAM2",13,8,5,0,1,2,"coding"
"TPI1",27,25,2,0,1,2,"coding"
"TRAF1",66,53,13,0,1,2,"coding"
"TRIM27",25,23,2,0,1,2,"coding"
"TSNAX",20,18,2,0,1,2,"coding"
"TUBA1B",46,45,1,0,1,2,"coding"
"UBQLN1",49,41,8,0,1,2,"coding"
"VIM",79,63,16,0,1,2,"coding"
"XPA",6,5,1,0,1,2,"coding"
"YES1",69,64,5,0,1,2,"coding"
"YWHAB",103,81,22,0,1,2,"coding"
"ZBTB12",17,16,1,0,1,2,"coding"
"ZIC1",11,8,3,0,1,2,"coding"
"ZNF165",3,2,1,0,1,2,"coding"
"ABI3",7,6,1,0,1,1,"coding"
"AIP",20,19,1,0,1,1,"coding"
"AKAP10",42,37,5,0,1,1,"coding"
"ARHGDIA",54,52,2,0,1,1,"coding"
"ASGR1",19,17,2,0,1,1,"coding"
"ATP5C1",21,18,3,0,1,1,"coding"
"ATXN1L",87,77,10,0,1,1,"coding"
"BAD",20,10,10,0,1,1,"coding"
"BCL2L1",64,56,8,0,1,1,"coding"
"BLNK",15,13,2,0,1,1,"coding"
"C8orf33",37,35,2,0,1,1,"coding"
"CASP3",95,61,34,0,1,1,"coding"
"CCR5",42,32,10,0,1,1,"coding"
"CDC34",21,20,1,0,1,1,"coding"
"CDKN1A",101,96,5,0,1,1,"coding"
"CFL1",22,19,3,0,1,1,"coding"
"CRK",114,90,24,0,1,1,"coding"
"CSNK2A2",34,26,8,0,1,1,"coding"
"CTBP1",51,43,8,0,1,1,"coding"
"CTBP2",27,25,2,0,1,1,"coding"
"CTDSP1",30,28,2,0,1,1,"coding"
"CTLA4",9,8,1,0,1,1,"coding"
"CTSD",19,14,5,0,1,1,"coding"
"CTSG",11,6,5,0,1,1,"coding"
"DIABLO",22,19,3,0,1,1,"coding"
"DLG4",54,28,26,0,1,1,"coding"
"DPM2",21,20,1,0,1,1,"coding"
"DVL3",57,55,2,0,1,1,"coding"
"EEF1G",36,19,17,0,1,1,"coding"
"ELK4",106,80,26,0,1,1,"coding"
"ERCC8",10,8,2,0,1,1,"coding"
"EXOSC10",16,10,6,0,1,1,"coding"
"EXOSC4",17,8,9,0,1,1,"coding"
"FOS",409,54,355,0,1,1,"coding"
"FZD4",68,65,3,0,1,1,"coding"
"GAPDH",66,49,17,0,1,1,"coding"
"GATA2",269,23,246,0,1,1,"coding"
"GGA2",44,37,7,0,1,1,"coding"
"GIPC1",30,22,8,0,1,1,"coding"
"GNA13",65,54,11,0,1,1,"coding"
"GNAI3",41,35,6,0,1,1,"coding"
"GNAQ",64,52,12,0,1,1,"coding"
"H3F3A",18,17,1,0,1,1,"coding"
"HAX1",12,10,2,0,1,1,"coding"
"HCK",35,25,10,0,1,1,"coding"
"HDAC3",14,12,2,0,1,1,"coding"
"HMGA1",90,80,10,0,1,1,"coding"
"HMGN1",26,24,2,0,1,1,"coding"
"HMOX2",19,12,7,0,1,1,"coding"
"HOXC8",44,42,2,0,1,1,"coding"
"IGFBP3",35,29,6,0,1,1,"coding"
"IGFBP5",87,83,4,0,1,1,"coding"
"IL8",22,21,1,0,1,1,"coding"
"ITGA3",52,49,3,0,1,1,"coding"
"KLRD1",27,26,1,0,1,1,"coding"
"LAT",19,10,9,0,1,1,"coding"
"LIMS1",52,47,5,0,1,1,"coding"
"LPL",17,15,2,0,1,1,"coding"
"LRPAP1",36,34,2,0,1,1,"coding"
"MAPK1",182,157,25,0,1,1,"coding"
"MPHOSPH6",13,10,3,0,1,1,"coding"
"MPP6",41,40,1,0,1,1,"coding"
"MYD88",31,24,7,0,1,1,"coding"
"NCK2",38,30,8,0,1,1,"coding"
"NDN",18,14,4,0,1,1,"coding"
"NFIL3",23,21,2,0,1,1,"coding"
"NGFR",39,28,11,0,1,1,"coding"
"NPPA",3,1,2,0,1,1,"coding"
"NUDT18",25,19,6,0,1,1,"coding"
"NUDT3",105,94,11,0,1,1,"coding"
"PARD6A",11,5,6,0,1,1,"coding"
"PEA15",30,29,1,0,1,1,"coding"
"PFDN1",12,7,5,0,1,1,"coding"
"POLR3F",28,25,3,0,1,1,"coding"
"PPP1CB",66,65,1,0,1,1,"coding"
"PSTPIP1",11,10,1,0,1,1,"coding"
"PTAFR",22,20,2,0,1,1,"coding"
"PTGFR",20,18,2,0,1,1,"coding"
"PTN",27,11,16,0,1,1,"coding"
"PTPN11",83,48,35,0,1,1,"coding"
"RABGGTB",16,15,1,0,1,1,"coding"
"RAN",99,87,12,0,1,1,"coding"
"RAP1B",59,58,1,0,1,1,"coding"
"RAP2A",38,33,5,0,1,1,"coding"
"RBBP4",60,55,5,0,1,1,"coding"
"RPA1",33,20,13,0,1,1,"coding"
"RPP14",36,34,2,0,1,1,"coding"
"RTN4IP1",3,2,1,0,1,1,"coding"
"RXRB",28,22,6,0,1,1,"coding"
"RYBP",95,92,3,0,1,1,"coding"
"RYK",22,21,1,0,1,1,"coding"
"S100A1",6,4,2,0,1,1,"coding"
"S100A6",6,5,1,0,1,1,"coding"
"SH3GL3",12,1,11,0,1,1,"coding"
"SHBG",4,2,2,0,1,1,"coding"
"SKP1",50,45,5,0,1,1,"coding"
"SMAD1",168,29,139,0,1,1,"coding"
"SMAD6",25,23,2,0,1,1,"coding"
"SMAD7",80,70,10,0,1,1,"coding"
"SNCA",24,14,10,0,1,1,"coding"
"SNRNP70",23,20,3,0,1,1,"coding"
"SOD1",11,10,1,0,1,1,"coding"
"SOX8",16,11,5,0,1,1,"coding"
"SRC",52,31,21,0,1,1,"coding"
"SRF",273,40,233,0,1,1,"coding"
"STX8",6,5,1,0,1,1,"coding"
"SYT7",47,45,2,0,1,1,"coding"
"TGFB2",47,44,3,0,1,1,"coding"
"TGFB3",14,11,3,0,1,1,"coding"
"TK1",93,69,24,0,1,1,"coding"
"TNK2",33,32,1,0,1,1,"coding"
"TRAF2",81,18,63,0,1,1,"coding"
"TRIM5",12,11,1,0,1,1,"coding"
"TUBA4A",23,16,7,0,1,1,"coding"
"UBE2I",65,55,10,0,1,1,"coding"
"UBE2L3",15,13,2,0,1,1,"coding"
"UNC119",37,18,19,0,1,1,"coding"
"VAMP2",25,22,3,0,1,1,"coding"
"VDAC1",27,25,2,0,1,1,"coding"
"YAP1",64,61,3,0,1,1,"coding"
"YWHAG",206,168,38,0,1,1,"coding"
"ZNF512B",65,57,8,0,1,1,"coding"
