"Name","K","Kin","Kout","TypeI","TypeII","weight","Type"
"PIK3CA",42,31,11,0,1,381,"coding"
"TP53",111,21,90,0,1,328,"coding"
"TTN",16,8,8,0,1,293,"coding"
"GATA3",397,23,374,0,1,104,"coding"
"DMD",57,52,5,0,1,56,"coding"
"LRP2",29,13,16,0,1,39,"coding"
"MACF1",30,27,3,0,1,39,"coding"
"PTEN",75,69,6,0,1,39,"coding"
"APOB",12,5,7,0,1,38,"coding"
"LRP1",55,39,16,0,1,33,"coding"
"RYR1",16,7,9,0,1,30,"coding"
"ANK3",20,18,2,0,1,28,"coding"
"AKAP9",40,36,4,0,1,27,"coding"
"LYST",22,19,3,0,1,27,"coding"
"PRKDC",64,55,9,0,1,26,"coding"
"FLNA",72,53,19,0,1,24,"coding"
"MED12",12,10,2,0,1,24,"coding"
"RPGR",5,4,1,0,1,24,"coding"
"VCAN",62,51,11,0,1,24,"coding"
"ATM",38,20,18,0,1,23,"coding"
"RB1",145,121,24,0,1,23,"coding"
"FLNC",27,20,7,0,1,21,"coding"
"ZFHX3",79,78,1,0,1,21,"coding"
"DSP",24,23,1,0,1,20,"coding"
"BRCA2",21,16,5,0,1,19,"coding"
"GRIN2A",56,49,7,0,1,18,"coding"
"HDAC6",13,10,3,0,1,18,"coding"
"PIK3R1",144,87,57,0,1,18,"coding"
"SF3B1",33,27,6,0,1,18,"coding"
"FLNB",25,22,3,0,1,17,"coding"
"SHANK2",30,27,3,0,1,17,"coding"
"CHD3",66,49,17,0,1,16,"coding"
"HSPG2",35,28,7,0,1,16,"coding"
"LAMA2",6,5,1,0,1,16,"coding"
"PTPN13",26,21,5,0,1,16,"coding"
"SETDB1",67,53,14,0,1,16,"coding"
"SPTAN1",28,17,11,0,1,16,"coding"
"TLN1",60,53,7,0,1,16,"coding"
"ATN1",59,36,23,0,1,15,"coding"
"CBLB",44,34,10,0,1,15,"coding"
"CREBBP",267,94,173,0,1,15,"coding"
"DLG1",56,18,38,0,1,15,"coding"
"FANCD2",21,15,6,0,1,15,"coding"
"ITPR1",45,34,11,0,1,15,"coding"
"CFH",10,8,2,0,1,14,"coding"
"EP300",179,155,24,0,1,14,"coding"
"HTT",68,52,16,0,1,14,"coding"
"NCOA6",38,30,8,0,1,14,"coding"
"NUP98",33,27,6,0,1,14,"coding"
"RANBP2",46,35,11,0,1,14,"coding"
"TOPBP1",26,22,4,0,1,14,"coding"
"TSC22D1",46,41,5,0,1,14,"coding"
"UBC",16,12,4,0,1,14,"coding"
"ARHGEF12",43,37,6,0,1,13,"coding"
"ATR",21,14,7,0,1,13,"coding"
"CASP8",52,27,25,0,1,13,"coding"
"ERBB2IP",34,32,2,0,1,13,"coding"
"FN1",94,76,18,0,1,13,"coding"
"GNAS",46,38,8,0,1,13,"coding"
"MAP3K5",42,26,16,0,1,13,"coding"
"NOS1",18,11,7,0,1,13,"coding"
"PTPRF",37,32,5,0,1,13,"coding"
"ROBO2",39,31,8,0,1,13,"coding"
"ABCA1",48,40,8,0,1,12,"coding"
"CNTNAP2",22,18,4,0,1,12,"coding"
"COL4A1",34,28,6,0,1,12,"coding"
"IKBKAP",27,23,4,0,1,12,"coding"
"JAK1",72,41,31,0,1,12,"coding"
"LRRC41",15,14,1,0,1,12,"coding"
"MYB",283,28,255,0,1,12,"coding"
"PTCH1",24,23,1,0,1,12,"coding"
"AP3B1",38,33,5,0,1,11,"coding"
"BACH2",78,61,17,0,1,11,"coding"
"GPRASP1",31,11,20,0,1,11,"coding"
"GPRASP2",24,10,14,0,1,11,"coding"
"GPS2",10,5,5,0,1,11,"coding"
"INSR",75,42,33,0,1,11,"coding"
"MAP1B",87,77,10,0,1,11,"coding"
"MARS",31,30,1,0,1,11,"coding"
"MYLK",65,60,5,0,1,11,"coding"
"NLGN3",12,9,3,0,1,11,"coding"
"PRKCQ",19,8,11,0,1,11,"coding"
"RET",30,16,14,0,1,11,"coding"
"SMARCA4",46,28,18,0,1,11,"coding"
"XRN1",51,45,6,0,1,11,"coding"
"ACTN2",18,12,6,0,1,10,"coding"
"AFF1",65,55,10,0,1,10,"coding"
"DNMBP",22,18,4,0,1,10,"coding"
"GOLGA3",12,9,3,0,1,10,"coding"
"GRM1",11,6,5,0,1,10,"coding"
"HIPK2",38,32,6,0,1,10,"coding"
"HLA-B",20,14,6,0,1,10,"coding"
"IL1RAP",35,27,8,0,1,10,"coding"
"ITSN1",52,43,9,0,1,10,"coding"
"MET",69,45,24,0,1,10,"coding"
"PROX1",43,35,8,0,1,10,"coding"
"SATB1",45,39,6,0,1,10,"coding"
"SH3KBP1",55,52,3,0,1,10,"coding"
"SHANK1",14,4,10,0,1,10,"coding"
"SIN3A",61,54,7,0,1,10,"coding"
"UBR1",35,22,13,0,1,10,"coding"
"ACVR2A",46,44,2,0,1,9,"coding"
"APP",93,63,30,0,1,9,"coding"
"ATXN1",160,128,32,0,1,9,"coding"
"CASK",47,29,18,0,1,9,"coding"
"CDK5RAP1",6,4,2,0,1,9,"coding"
"CHUK",53,35,18,0,1,9,"coding"
"COL4A2",36,30,6,0,1,9,"coding"
"EWSR1",64,35,29,0,1,9,"coding"
"FLII",14,10,4,0,1,9,"coding"
"HLA-C",21,13,8,0,1,9,"coding"
"HNRNPUL1",44,41,3,0,1,9,"coding"
"ITGB2",32,10,22,0,1,9,"coding"
"KIAA1377",61,26,35,0,1,9,"coding"
"LRP12",37,33,4,0,1,9,"coding"
"MAGI3",28,26,2,0,1,9,"coding"
"NTRK1",18,5,13,0,1,9,"coding"
"NUMA1",16,14,2,0,1,9,"coding"
"PLXNB3",6,1,5,0,1,9,"coding"
"PRKCE",51,40,11,0,1,9,"coding"
"RGS3",16,12,4,0,1,9,"coding"
"RPS6KA3",95,84,11,0,1,9,"coding"
"SMARCC1",40,27,13,0,1,9,"coding"
"STAT4",14,4,10,0,1,9,"coding"
"USP8",24,22,2,0,1,9,"coding"
"A2M",26,8,18,0,1,8,"coding"
"ABL1",91,51,40,0,1,8,"coding"
"ACVR1B",59,53,6,0,1,8,"coding"
"ARHGEF7",24,16,8,0,1,8,"coding"
"BMPR2",84,70,14,0,1,8,"coding"
"C6",7,6,1,0,1,8,"coding"
"CACHD1",17,15,2,0,1,8,"coding"
"CAPN1",17,9,8,0,1,8,"coding"
"CAPN2",14,8,6,0,1,8,"coding"
"CDC25C",17,11,6,0,1,8,"coding"
"CDC5L",53,52,1,0,1,8,"coding"
"CREB3L3",5,2,3,0,1,8,"coding"
"DLG2",52,29,23,0,1,8,"coding"
"DLGAP4",23,20,3,0,1,8,"coding"
"EEF1A1",74,48,26,0,1,8,"coding"
"ELN",21,19,2,0,1,8,"coding"
"FBLN2",22,17,5,0,1,8,"coding"
"ILF3",37,35,2,0,1,8,"coding"
"IRF3",31,16,15,0,1,8,"coding"
"ITK",20,17,3,0,1,8,"coding"
"KCNJ12",28,26,2,0,1,8,"coding"
"KDR",53,30,23,0,1,8,"coding"
"KIT",61,31,30,0,1,8,"coding"
"MAPK8IP3",32,19,13,0,1,8,"coding"
"MCM10",35,26,9,0,1,8,"coding"
"NCOR2",94,56,38,0,1,8,"coding"
"NOTCH1",52,46,6,0,1,8,"coding"
"NR1H2",45,10,35,0,1,8,"coding"
"NUAK1",46,37,9,0,1,8,"coding"
"PARD3",36,26,10,0,1,8,"coding"
"PDE4D",40,39,1,0,1,8,"coding"
"PDGFRB",43,20,23,0,1,8,"coding"
"PLCG2",74,53,21,0,1,8,"coding"
"PLD1",27,23,4,0,1,8,"coding"
"POLR2B",24,23,1,0,1,8,"coding"
"PPL",25,22,3,0,1,8,"coding"
"PRKD2",26,22,4,0,1,8,"coding"
"PTK2",81,48,33,0,1,8,"coding"
"PTPN12",42,39,3,0,1,8,"coding"
"PTPRC",38,20,18,0,1,8,"coding"
"RFC1",25,21,4,0,1,8,"coding"
"RFX3",28,26,2,0,1,8,"coding"
"ROCK1",44,39,5,0,1,8,"coding"
"SOS2",22,18,4,0,1,8,"coding"
"SYNCRIP",90,88,2,0,1,8,"coding"
"TEK",18,8,10,0,1,8,"coding"
"TGFBI",16,13,3,0,1,8,"coding"
"THBS1",92,80,12,0,1,8,"coding"
"TJP1",54,41,13,0,1,8,"coding"
"TYK2",23,12,11,0,1,8,"coding"
"VAV3",109,101,8,0,1,8,"coding"
"XPOT",57,54,3,0,1,8,"coding"
"ACTN4",43,34,9,0,1,7,"coding"
"ADAM15",13,12,1,0,1,7,"coding"
"AR",557,71,486,0,1,7,"coding"
"AXIN1",39,18,21,0,1,7,"coding"
"AXL",42,29,13,0,1,7,"coding"
"BCAR1",44,33,11,0,1,7,"coding"
"BTK",49,8,41,0,1,7,"coding"
"CHGB",10,5,5,0,1,7,"coding"
"CHM",10,9,1,0,1,7,"coding"
"CRMP1",47,22,25,0,1,7,"coding"
"DNM1",27,19,8,0,1,7,"coding"
"DNM2",48,31,17,0,1,7,"coding"
"DPP4",17,9,8,0,1,7,"coding"
"FEZ1",26,9,17,0,1,7,"coding"
"FMR1",35,33,2,0,1,7,"coding"
"GDF9",23,5,18,0,1,7,"coding"
"HDAC4",47,42,5,0,1,7,"coding"
"IGF1R",152,132,20,0,1,7,"coding"
"IL16",20,14,6,0,1,7,"coding"
"ITGAV",41,31,10,0,1,7,"coding"
"JAK2",67,29,38,0,1,7,"coding"
"JUP",26,19,7,0,1,7,"coding"
"MCM7",65,54,11,0,1,7,"coding"
"MEIS1",46,36,10,0,1,7,"coding"
"PHC2",26,21,5,0,1,7,"coding"
"PIGR",26,23,3,0,1,7,"coding"
"PLA2G4A",33,23,10,0,1,7,"coding"
"PLG",7,5,2,0,1,7,"coding"
"POLR2A",78,66,12,0,1,7,"coding"
"PRKCB",49,34,15,0,1,7,"coding"
"PTK2B",49,23,26,0,1,7,"coding"
"RHOA",59,39,20,0,1,7,"coding"
"SERPINC1",15,13,2,0,1,7,"coding"
"SMG5",13,12,1,0,1,7,"coding"
"SOX5",37,35,2,0,1,7,"coding"
"SPTBN4",27,20,7,0,1,7,"coding"
"TCF7L2",156,50,106,0,1,7,"coding"
"TGM2",24,13,11,0,1,7,"coding"
"TP53BP2",40,35,5,0,1,7,"coding"
"TRIM24",44,34,10,0,1,7,"coding"
"UPF2",29,18,11,0,1,7,"coding"
"VAV1",47,31,16,0,1,7,"coding"
"VCAM1",31,28,3,0,1,7,"coding"
"WRN",20,17,3,0,1,7,"coding"
"WWP1",33,29,4,0,1,7,"coding"
"ZNF76",31,12,19,0,1,7,"coding"
"ABL2",51,48,3,0,1,6,"coding"
"ACTN1",49,37,12,0,1,6,"coding"
"ADRBK1",35,20,15,0,1,6,"coding"
"AGAP2",9,8,1,0,1,6,"coding"
"AP2A1",30,22,8,0,1,6,"coding"
"APLP1",22,15,7,0,1,6,"coding"
"ARHGEF11",14,9,5,0,1,6,"coding"
"ATF7IP",81,58,23,0,1,6,"coding"
"BLK",6,3,3,0,1,6,"coding"
"CLTC",93,78,15,0,1,6,"coding"
"CNKSR1",6,4,2,0,1,6,"coding"
"COL4A3",31,23,8,0,1,6,"coding"
"CSE1L",52,50,2,0,1,6,"coding"
"DISC1",30,27,3,0,1,6,"coding"
"DLGAP1",15,8,7,0,1,6,"coding"
"EBF1",208,34,174,0,1,6,"coding"
"ENAH",52,43,9,0,1,6,"coding"
"EPHB2",36,27,9,0,1,6,"coding"
"EXOC7",24,19,5,0,1,6,"coding"
"FLI1",249,29,220,0,1,6,"coding"
"GNAZ",8,5,3,0,1,6,"coding"
"GNB2L1",47,37,10,0,1,6,"coding"
"GRIN2D",26,17,9,0,1,6,"coding"
"GSK3A",21,20,1,0,1,6,"coding"
"HGS",37,18,19,0,1,6,"coding"
"HSPA8",79,56,23,0,1,6,"coding"
"HSPD1",49,40,9,0,1,6,"coding"
"IKBKB",44,34,10,0,1,6,"coding"
"IL4R",19,8,11,0,1,6,"coding"
"ITGA4",21,16,5,0,1,6,"coding"
"KRAS",36,27,9,0,1,6,"coding"
"LYN",117,71,46,0,1,6,"coding"
"MAPK6",126,86,40,0,1,6,"coding"
"NCAM1",20,14,6,0,1,6,"coding"
"NCOA2",67,51,16,0,1,6,"coding"
"NFKB2",57,12,45,0,1,6,"coding"
"NLRP12",6,5,1,0,1,6,"coding"
"P2RY1",23,20,3,0,1,6,"coding"
"PGR",160,32,128,0,1,6,"coding"
"PIK3CG",23,17,6,0,1,6,"coding"
"PIK3R3",47,41,6,0,1,6,"coding"
"PIP4K2C",35,29,6,0,1,6,"coding"
"PLAT",24,21,3,0,1,6,"coding"
"POLA2",48,38,10,0,1,6,"coding"
"PPFIA3",8,4,4,0,1,6,"coding"
"PRKAR1A",59,41,18,0,1,6,"coding"
"PRKD1",32,25,7,0,1,6,"coding"
"PRPF3",7,4,3,0,1,6,"coding"
"RBL1",68,63,5,0,1,6,"coding"
"RGS4",19,14,5,0,1,6,"coding"
"RIPK1",22,16,6,0,1,6,"coding"
"SH3D19",52,50,2,0,1,6,"coding"
"SMURF2",71,48,23,0,1,6,"coding"
"SOX6",56,55,1,0,1,6,"coding"
"SP1",343,104,239,0,1,6,"coding"
"SPOP",28,26,2,0,1,6,"coding"
"SRRM1",12,8,4,0,1,6,"coding"
"STUB1",19,6,13,0,1,6,"coding"
"TYRO3",26,22,4,0,1,6,"coding"
"UBQLN4",75,37,38,0,1,6,"coding"
"USP7",41,37,4,0,1,6,"coding"
"UTP14A",29,20,9,0,1,6,"coding"
"VCL",120,84,36,0,1,6,"coding"
"WAS",28,13,15,0,1,6,"coding"
"WASF1",26,22,4,0,1,6,"coding"
"ACTB",128,97,31,0,1,5,"coding"
"ANXA1",21,12,9,0,1,5,"coding"
"BUB1B",11,9,2,0,1,5,"coding"
"C5",5,3,2,0,1,5,"coding"
"CSF2RB",19,8,11,0,1,5,"coding"
"DLST",12,10,2,0,1,5,"coding"
"E2F1",501,54,447,0,1,5,"coding"
"EED",39,35,4,0,1,5,"coding"
"EGFR",158,99,59,0,1,5,"coding"
"EPHA4",45,36,9,0,1,5,"coding"
"ERCC3",18,14,4,0,1,5,"coding"
"FCGR1A",6,2,4,0,1,5,"coding"
"FXR2",36,24,12,0,1,5,"coding"
"GAB2",23,17,6,0,1,5,"coding"
"GGA1",31,23,8,0,1,5,"coding"
"GOLGA2",40,28,12,0,1,5,"coding"
"GSPT1",61,58,3,0,1,5,"coding"
"HDAC1",73,56,17,0,1,5,"coding"
"HLA-A",30,20,10,0,1,5,"coding"
"HMGCR",28,27,1,0,1,5,"coding"
"HSP90AB1",49,44,5,0,1,5,"coding"
"HSPA5",48,31,17,0,1,5,"coding"
"IRS1",82,63,19,0,1,5,"coding"
"ITGB1",79,48,31,0,1,5,"coding"
"ITGB7",12,3,9,0,1,5,"coding"
"LLGL1",17,16,1,0,1,5,"coding"
"LRSAM1",16,10,6,0,1,5,"coding"
"LUC7L2",45,36,9,0,1,5,"coding"
"MAP2K1",49,35,14,0,1,5,"coding"
"MED25",8,5,3,0,1,5,"coding"
"MINK1",53,48,5,0,1,5,"coding"
"MMP3",13,10,3,0,1,5,"coding"
"NCOA1",99,63,36,0,1,5,"coding"
"NFKB1",125,33,92,0,1,5,"coding"
"NR4A3",25,24,1,0,1,5,"coding"
"NUP62",37,34,3,0,1,5,"coding"
"OPRM1",4,2,2,0,1,5,"coding"
"PKD2",28,26,2,0,1,5,"coding"
"PNN",19,14,5,0,1,5,"coding"
"PPARG",110,22,88,0,1,5,"coding"
"PRKCD",67,43,24,0,1,5,"coding"
"PRKG1",51,35,16,0,1,5,"coding"
"PRPF40A",74,55,19,0,1,5,"coding"
"PSEN2",20,12,8,0,1,5,"coding"
"PTGDS",9,4,5,0,1,5,"coding"
"RGS12",12,7,5,0,1,5,"coding"
"RNF19A",31,23,8,0,1,5,"coding"
"RPL18A",24,20,4,0,1,5,"coding"
"SCARB1",18,14,4,0,1,5,"coding"
"SMARCA5",34,32,2,0,1,5,"coding"
"SOS1",65,45,20,0,1,5,"coding"
"SOX10",25,12,13,0,1,5,"coding"
"SREBF1",60,35,25,0,1,5,"coding"
"SYK",67,24,43,0,1,5,"coding"
"TES",46,41,5,0,1,5,"coding"
"TGFBRAP1",16,13,3,0,1,5,"coding"
"TNPO1",79,74,5,0,1,5,"coding"
"TOP1",29,27,2,0,1,5,"coding"
"TRPC3",21,14,7,0,1,5,"coding"
"ZNF417",34,32,2,0,1,5,"coding"
"AK5",5,4,1,0,1,4,"coding"
"AP2B1",56,45,11,0,1,4,"coding"
"AP2M1",36,32,4,0,1,4,"coding"
"APLP2",21,20,1,0,1,4,"coding"
"APOA1",17,7,10,0,1,4,"coding"
"ARNT",40,20,20,0,1,4,"coding"
"ASH2L",9,6,3,0,1,4,"coding"
"BID",44,35,9,0,1,4,"coding"
"BRD7",37,33,4,0,1,4,"coding"
"BTRC",71,58,13,0,1,4,"coding"
"BUB1",40,35,5,0,1,4,"coding"
"CAMK2A",36,28,8,0,1,4,"coding"
"CAV1",103,68,35,0,1,4,"coding"
"CBL",110,76,34,0,1,4,"coding"
"CCR1",10,8,2,0,1,4,"coding"
"CD2",13,8,5,0,1,4,"coding"
"CD4",43,23,20,0,1,4,"coding"
"CD44",28,13,15,0,1,4,"coding"
"COL2A1",18,11,7,0,1,4,"coding"
"COL4A3BP",48,46,2,0,1,4,"coding"
"COPS3",21,15,6,0,1,4,"coding"
"CSNK1A1",93,82,11,0,1,4,"coding"
"DCTN1",19,13,6,0,1,4,"coding"
"DNAJC3",26,23,3,0,1,4,"coding"
"DTNB",13,10,3,0,1,4,"coding"
"ETS1",202,67,135,0,1,4,"coding"
"F11R",23,18,5,0,1,4,"coding"
"FAM46A",27,25,2,0,1,4,"coding"
"FGFR3",28,15,13,0,1,4,"coding"
"FURIN",25,16,9,0,1,4,"coding"
"GIT1",49,34,15,0,1,4,"coding"
"GNA11",23,18,5,0,1,4,"coding"
"HAND2",57,26,31,0,1,4,"coding"
"HIPK3",76,70,6,0,1,4,"coding"
"HSPA9",27,24,3,0,1,4,"coding"
"HTRA1",17,11,6,0,1,4,"coding"
"ICAM4",4,3,1,0,1,4,"coding"
"IL7R",19,11,8,0,1,4,"coding"
"IMMT",37,21,16,0,1,4,"coding"
"INPP5D",18,9,9,0,1,4,"coding"
"ITCH",23,20,3,0,1,4,"coding"
"ITGA5",41,27,14,0,1,4,"coding"
"ITGB5",31,15,16,0,1,4,"coding"
"KHSRP",66,59,7,0,1,4,"coding"
"KPNA2",77,72,5,0,1,4,"coding"
"KPNB1",84,67,17,0,1,4,"coding"
"KRT18",35,25,10,0,1,4,"coding"
"KRT5",7,3,4,0,1,4,"coding"
"MAD2L1",28,23,5,0,1,4,"coding"
"MAGEA11",9,6,3,0,1,4,"coding"
"MAP3K7",61,52,9,0,1,4,"coding"
"MAPT",58,45,13,0,1,4,"coding"
"MED1",46,40,6,0,1,4,"coding"
"MEGF10",11,8,3,0,1,4,"coding"
"MMP2",56,35,21,0,1,4,"coding"
"MPP3",10,9,1,0,1,4,"coding"
"NCF4",6,5,1,0,1,4,"coding"
"NFATC2",41,30,11,0,1,4,"coding"
"NPHP1",14,10,4,0,1,4,"coding"
"PAX6",29,22,7,0,1,4,"coding"
"PDLIM7",20,14,6,0,1,4,"coding"
"PIK3R2",32,21,11,0,1,4,"coding"
"PKN1",24,20,4,0,1,4,"coding"
"PLAU",18,14,4,0,1,4,"coding"
"POU2F1",110,96,14,0,1,4,"coding"
"PRKCA",145,75,70,0,1,4,"coding"
"PTCD3",29,28,1,0,1,4,"coding"
"RAF1",73,45,28,0,1,4,"coding"
"RBM8A",35,33,2,0,1,4,"coding"
"RFX2",9,7,2,0,1,4,"coding"
"RGS20",3,2,1,0,1,4,"coding"
"RPS6KA5",68,60,8,0,1,4,"coding"
"SAFB",25,19,6,0,1,4,"coding"
"SCMH1",8,5,3,0,1,4,"coding"
"SDCBP2",7,2,5,0,1,4,"coding"
"SFPQ",175,56,119,0,1,4,"coding"
"SGK1",45,41,4,0,1,4,"coding"
"SGSM2",28,21,7,0,1,4,"coding"
"SH3GL1",27,19,8,0,1,4,"coding"
"SHC1",79,48,31,0,1,4,"coding"
"SIAH1",29,26,3,0,1,4,"coding"
"SMAD3",163,53,110,0,1,4,"coding"
"STX6",45,40,5,0,1,4,"coding"
"SYN1",10,7,3,0,1,4,"coding"
"TCF3",241,26,215,0,1,4,"coding"
"TGFBR1",128,77,51,0,1,4,"coding"
"TGFBR2",107,91,16,0,1,4,"coding"
"TNFRSF1A",43,20,23,0,1,4,"coding"
"TRAF3",43,30,13,0,1,4,"coding"
"TRAF6",62,26,36,0,1,4,"coding"
"TRIM23",38,32,6,0,1,4,"coding"
"U2AF2",26,22,4,0,1,4,"coding"
"UBE3A",55,49,6,0,1,4,"coding"
"WASL",69,58,11,0,1,4,"coding"
"WBP11",25,19,6,0,1,4,"coding"
"WT1",22,18,4,0,1,4,"coding"
"XRCC6",62,42,20,0,1,4,"coding"
"XRN2",18,12,6,0,1,4,"coding"
"ZFYVE9",31,22,9,0,1,4,"coding"
"ZNF250",15,12,3,0,1,4,"coding"
"ZNF83",25,17,8,0,1,4,"coding"
"ADORA1",6,3,3,0,1,3,"coding"
"ANXA11",30,27,3,0,1,3,"coding"
"AP1S1",22,20,2,0,1,3,"coding"
"APPL1",36,29,7,0,1,3,"coding"
"APTX",19,16,3,0,1,3,"coding"
"ARR3",8,4,4,0,1,3,"coding"
"B2M",28,26,2,0,1,3,"coding"
"BCL3",49,15,34,0,1,3,"coding"
"BIRC2",29,15,14,0,1,3,"coding"
"C19orf57",7,6,1,0,1,3,"coding"
"CAPRIN1",44,43,1,0,1,3,"coding"
"CASP2",48,40,8,0,1,3,"coding"
"CASP9",37,27,10,0,1,3,"coding"
"CBFA2T2",25,23,2,0,1,3,"coding"
"CBX2",55,54,1,0,1,3,"coding"
"CD3E",15,11,4,0,1,3,"coding"
"CD5",17,14,3,0,1,3,"coding"
"CD8A",12,6,6,0,1,3,"coding"
"CD8B",2,1,1,0,1,3,"coding"
"CDC37",50,43,7,0,1,3,"coding"
"CDK7",14,12,2,0,1,3,"coding"
"CHMP2A",10,8,2,0,1,3,"coding"
"COIL",52,45,7,0,1,3,"coding"
"COPS6",59,38,21,0,1,3,"coding"
"CSNK2A1",138,109,29,0,1,3,"coding"
"CTGF",45,43,2,0,1,3,"coding"
"CTNNB1",101,77,24,0,1,3,"coding"
"CXCR4",24,14,10,0,1,3,"coding"
"DACH1",34,29,5,0,1,3,"coding"
"DLG3",38,20,18,0,1,3,"coding"
"E2F3",227,118,109,0,1,3,"coding"
"EFEMP2",24,18,6,0,1,3,"coding"
"EFNA1",33,29,4,0,1,3,"coding"
"EIF2AK2",62,46,16,0,1,3,"coding"
"EIF2B1",15,12,3,0,1,3,"coding"
"ETF1",21,20,1,0,1,3,"coding"
"EZH2",291,33,258,0,1,3,"coding"
"FES",13,9,4,0,1,3,"coding"
"FGFR1",49,40,9,0,1,3,"coding"
"FIGF",5,3,2,0,1,3,"coding"
"GABBR1",15,13,2,0,1,3,"coding"
"GNAI2",62,55,7,0,1,3,"coding"
"GP1BA",7,5,2,0,1,3,"coding"
"GRK6",28,23,5,0,1,3,"coding"
"GTF2E2",22,18,4,0,1,3,"coding"
"HEXDC",6,3,3,0,1,3,"coding"
"HNRNPH3",20,16,4,0,1,3,"coding"
"HSP90AA1",99,70,29,0,1,3,"coding"
"IFNAR1",38,30,8,0,1,3,"coding"
"IL2RB",18,6,12,0,1,3,"coding"
"ILK",34,24,10,0,1,3,"coding"
"JARID2",47,28,19,0,1,3,"coding"
"JUN",316,59,257,0,1,3,"coding"
"KIAA1279",29,25,4,0,1,3,"coding"
"KLK2",22,21,1,0,1,3,"coding"
"KLK3",10,4,6,0,1,3,"coding"
"LGALS3",19,15,4,0,1,3,"coding"
"MAD2L2",8,4,4,0,1,3,"coding"
"MAP3K2",61,59,2,0,1,3,"coding"
"MAPK8",71,63,8,0,1,3,"coding"
"MBD3",265,33,232,0,1,3,"coding"
"MBP",29,9,20,0,1,3,"coding"
"MDM2",123,111,12,0,1,3,"coding"
"MED8",47,41,6,0,1,3,"coding"
"MELK",53,52,1,0,1,3,"coding"
"NR4A1",41,12,29,0,1,3,"coding"
"PABPC1",68,57,11,0,1,3,"coding"
"PHYHIP",45,34,11,0,1,3,"coding"
"PIAS4",47,42,5,0,1,3,"coding"
"PICK1",26,10,16,0,1,3,"coding"
"PKNOX1",31,28,3,0,1,3,"coding"
"PNKP",6,4,2,0,1,3,"coding"
"PPP2CA",83,70,13,0,1,3,"coding"
"PRKAR2A",45,38,7,0,1,3,"coding"
"PROC",6,4,2,0,1,3,"coding"
"PSEN1",50,31,19,0,1,3,"coding"
"PSMC3",11,7,4,0,1,3,"coding"
"PSMD4",11,9,2,0,1,3,"coding"
"PVR",38,35,3,0,1,3,"coding"
"RAB11A",48,45,3,0,1,3,"coding"
"RAD23A",19,13,6,0,1,3,"coding"
"RANBP10",10,8,2,0,1,3,"coding"
"RBP1",12,8,4,0,1,3,"coding"
"RCC1",40,32,8,0,1,3,"coding"
"RDX",56,50,6,0,1,3,"coding"
"RINT1",12,9,3,0,1,3,"coding"
"RNF2",30,26,4,0,1,3,"coding"
"RUVBL1",14,13,1,0,1,3,"coding"
"SDC1",21,16,5,0,1,3,"coding"
"SEPT2",4,1,3,0,1,3,"coding"
"SH3GL2",14,10,4,0,1,3,"coding"
"SIX3",28,25,3,0,1,3,"coding"
"SLC9A3R1",44,24,20,0,1,3,"coding"
"SPI1",193,18,175,0,1,3,"coding"
"SPOCK2",12,11,1,0,1,3,"coding"
"SPOCK3",11,10,1,0,1,3,"coding"
"STARD13",40,36,4,0,1,3,"coding"
"STK4",58,57,1,0,1,3,"coding"
"STRN4",28,21,7,0,1,3,"coding"
"STX1A",24,15,9,0,1,3,"coding"
"STX4",27,20,7,0,1,3,"coding"
"SUMO1",68,61,7,0,1,3,"coding"
"THRA",80,69,11,0,1,3,"coding"
"TNNT1",24,12,12,0,1,3,"coding"
"TNPO2",31,30,1,0,1,3,"coding"
"TRAF4",19,13,6,0,1,3,"coding"
"TRAF5",27,20,7,0,1,3,"coding"
"TRIP6",27,18,9,0,1,3,"coding"
"TUBA1A",26,15,11,0,1,3,"coding"
"TUBB",83,66,17,0,1,3,"coding"
"TXK",19,16,3,0,1,3,"coding"
"UPF1",20,14,6,0,1,3,"coding"
"VTN",12,3,9,0,1,3,"coding"
"WDYHV1",16,8,8,0,1,3,"coding"
"XAB2",8,3,5,0,1,3,"coding"
"YBX1",37,32,5,0,1,3,"coding"
"YWHAZ",197,134,63,0,1,3,"coding"
"ZAP70",35,4,31,0,1,3,"coding"
"ZBTB43",33,31,2,0,1,3,"coding"
"ADRB2",30,16,14,0,1,2,"coding"
"AHR",75,44,31,0,1,2,"coding"
"AKT1",83,50,33,0,1,2,"coding"
"AMOTL2",38,36,2,0,1,2,"coding"
"ANXA7",82,61,21,0,1,2,"coding"
"APPBP2",41,39,2,0,1,2,"coding"
"ARF1",41,29,12,0,1,2,"coding"
"ARIH2",22,20,2,0,1,2,"coding"
"ARRB2",40,22,18,0,1,2,"coding"
"BIN1",19,13,6,0,1,2,"coding"
"BMI1",43,39,4,0,1,2,"coding"
"BMP4",15,8,7,0,1,2,"coding"
"C11orf58",26,20,6,0,1,2,"coding"
"CALCA",2,1,1,0,1,2,"coding"
"CALCOCO2",37,30,7,0,1,2,"coding"
"CALR",77,59,18,0,1,2,"coding"
"CASP10",27,25,2,0,1,2,"coding"
"CASP7",28,21,7,0,1,2,"coding"
"CCNK",25,17,8,0,1,2,"coding"
"CCR3",15,5,10,0,1,2,"coding"
"CD28",25,12,13,0,1,2,"coding"
"CD2AP",68,63,5,0,1,2,"coding"
"CD48",13,8,5,0,1,2,"coding"
"CD79B",9,5,4,0,1,2,"coding"
"CDK2",100,91,9,0,1,2,"coding"
"CDK5",32,24,8,0,1,2,"coding"
"COG4",3,2,1,0,1,2,"coding"
"CPE",44,37,7,0,1,2,"coding"
"CREB1",220,54,166,0,1,2,"coding"
"CTTN",24,20,4,0,1,2,"coding"
"CYTH2",28,22,6,0,1,2,"coding"
"DAG1",31,25,6,0,1,2,"coding"
"DCN",25,15,10,0,1,2,"coding"
"DMPK",30,25,5,0,1,2,"coding"
"DNAJA1",45,38,7,0,1,2,"coding"
"DVL1",24,18,6,0,1,2,"coding"
"E2F6",249,28,221,0,1,2,"coding"
"EDA",6,5,1,0,1,2,"coding"
"EIF3E",27,21,6,0,1,2,"coding"
"EIF3F",20,16,4,0,1,2,"coding"
"EMD",21,17,4,0,1,2,"coding"
"GABARAP",18,11,7,0,1,2,"coding"
"GABPB1",65,58,7,0,1,2,"coding"
"GATA1",319,6,313,0,1,2,"coding"
"GATA4",25,5,20,0,1,2,"coding"
"GBP2",13,6,7,0,1,2,"coding"
"GHRL",5,1,4,0,1,2,"coding"
"GNA12",33,21,12,0,1,2,"coding"
"GNAI1",50,32,18,0,1,2,"coding"
"GNAO1",19,9,10,0,1,2,"coding"
"GNB1",34,25,9,0,1,2,"coding"
"GRAP2",43,30,13,0,1,2,"coding"
"GRASP",11,7,4,0,1,2,"coding"
"GRK5",32,23,9,0,1,2,"coding"
"GSK3B",141,96,45,0,1,2,"coding"
"GSN",30,22,8,0,1,2,"coding"
"GTF2E1",20,19,1,0,1,2,"coding"
"GTF2H1",29,22,7,0,1,2,"coding"
"HMGB1",61,59,2,0,1,2,"coding"
"HOMER1",34,25,9,0,1,2,"coding"
"HRAS",54,30,24,0,1,2,"coding"
"ICAM1",25,22,3,0,1,2,"coding"
"ID2",27,19,8,0,1,2,"coding"
"IDH3B",6,5,1,0,1,2,"coding"
"IGSF21",17,11,6,0,1,2,"coding"
"IL12B",4,3,1,0,1,2,"coding"
"IL18",8,5,3,0,1,2,"coding"
"IL21",2,1,1,0,1,2,"coding"
"IL2RG",16,9,7,0,1,2,"coding"
"ING4",8,6,2,0,1,2,"coding"
"KCNA2",13,10,3,0,1,2,"coding"
"KHDRBS1",39,34,5,0,1,2,"coding"
"KISS1",2,1,1,0,1,2,"coding"
"KLHL20",26,21,5,0,1,2,"coding"
"LCK",74,36,38,0,1,2,"coding"
"LRP10",39,38,1,0,1,2,"coding"
"LSM5",13,9,4,0,1,2,"coding"
"MAP2K2",19,12,7,0,1,2,"coding"
"MAP4K2",19,14,5,0,1,2,"coding"
"MAPK14",85,72,13,0,1,2,"coding"
"MAPK3",70,60,10,0,1,2,"coding"
"MAPK8IP2",32,20,12,0,1,2,"coding"
"MESDC2",22,19,3,0,1,2,"coding"
"NAGK",24,16,8,0,1,2,"coding"
"NEK2",16,8,8,0,1,2,"coding"
"NKX3-1",32,16,16,0,1,2,"coding"
"NMI",16,15,1,0,1,2,"coding"
"NOV",13,8,5,0,1,2,"coding"
"NR1D2",31,29,2,0,1,2,"coding"
"NR1H3",35,11,24,0,1,2,"coding"
"NUDT21",41,31,10,0,1,2,"coding"
"PBX1",180,49,131,0,1,2,"coding"
"PDPK1",96,83,13,0,1,2,"coding"
"PLAUR",17,7,10,0,1,2,"coding"
"PLEKHF2",39,37,2,0,1,2,"coding"
"PLK1",66,41,25,0,1,2,"coding"
"PMAIP1",25,21,4,0,1,2,"coding"
"PPM1A",63,56,7,0,1,2,"coding"
"PPP1R8",21,15,6,0,1,2,"coding"
"PPP2CB",22,21,1,0,1,2,"coding"
"PPP2R1A",31,27,4,0,1,2,"coding"
"PRKCZ",49,24,25,0,1,2,"coding"
"PSMA1",20,11,9,0,1,2,"coding"
"PSMC5",27,25,2,0,1,2,"coding"
"PTPN6",65,13,52,0,1,2,"coding"
"RAB1A",42,40,2,0,1,2,"coding"
"RAB3A",9,5,4,0,1,2,"coding"
"RABAC1",43,29,14,0,1,2,"coding"
"RAD51",88,81,7,0,1,2,"coding"
"RAP1A",52,35,17,0,1,2,"coding"
"RASA1",81,53,28,0,1,2,"coding"
"RND1",7,4,3,0,1,2,"coding"
"RPA2",27,19,8,0,1,2,"coding"
"RPL8",16,12,4,0,1,2,"coding"
"SDC4",24,19,5,0,1,2,"coding"
"SIX1",21,19,2,0,1,2,"coding"
"SLC35E1",14,12,2,0,1,2,"coding"
"SMAD5",67,57,10,0,1,2,"coding"
"SMARCE1",22,15,7,0,1,2,"coding"
"SMPD1",13,10,3,0,1,2,"coding"
"SNAP23",36,29,7,0,1,2,"coding"
"SNRPD2",20,9,11,0,1,2,"coding"
"SPRY2",29,24,5,0,1,2,"coding"
"STC2",55,50,5,0,1,2,"coding"
"STK11",37,32,5,0,1,2,"coding"
"SYT1",41,34,7,0,1,2,"coding"
"TAF1C",13,9,4,0,1,2,"coding"
"TAF9",27,19,8,0,1,2,"coding"
"TGFB1",35,23,12,0,1,2,"coding"
"TICAM1",15,8,7,0,1,2,"coding"
"TICAM2",12,6,6,0,1,2,"coding"
"TM4SF1",22,18,4,0,1,2,"coding"
"TRAF1",65,45,20,0,1,2,"coding"
"TRIM27",31,27,4,0,1,2,"coding"
"TSNAX",20,18,2,0,1,2,"coding"
"TUBA1B",40,38,2,0,1,2,"coding"
"TUBB3",15,9,6,0,1,2,"coding"
"UBE2D3",42,39,3,0,1,2,"coding"
"UBQLN1",38,29,9,0,1,2,"coding"
"VIM",105,73,32,0,1,2,"coding"
"XPA",11,8,3,0,1,2,"coding"
"YEATS4",11,10,1,0,1,2,"coding"
"YWHAB",114,81,33,0,1,2,"coding"
"ZIC1",11,8,3,0,1,2,"coding"
"ZNF165",3,2,1,0,1,2,"coding"
"ADRBK2",37,35,2,0,1,1,"coding"
"AGFG1",49,45,4,0,1,1,"coding"
"AIP",11,10,1,0,1,1,"coding"
"AKAP10",28,23,5,0,1,1,"coding"
"ARRB1",59,38,21,0,1,1,"coding"
"ASGR1",16,12,4,0,1,1,"coding"
"ATP5C1",24,21,3,0,1,1,"coding"
"ATXN1L",71,59,12,0,1,1,"coding"
"BCL2A1",6,4,2,0,1,1,"coding"
"BCL2L1",72,62,10,0,1,1,"coding"
"BLNK",20,14,6,0,1,1,"coding"
"C8orf33",41,34,7,0,1,1,"coding"
"CAMK1",5,2,3,0,1,1,"coding"
"CASP3",127,71,56,0,1,1,"coding"
"CBFA2T3",33,32,1,0,1,1,"coding"
"CCDC90B",16,13,3,0,1,1,"coding"
"CCR10",11,8,3,0,1,1,"coding"
"CCR5",40,29,11,0,1,1,"coding"
"CDC20",22,18,4,0,1,1,"coding"
"CDC25A",73,67,6,0,1,1,"coding"
"CDC34",21,19,2,0,1,1,"coding"
"CDKN1A",120,101,19,0,1,1,"coding"
"CFL1",23,17,6,0,1,1,"coding"
"CHFR",11,7,4,0,1,1,"coding"
"CLIC4",53,51,2,0,1,1,"coding"
"CRK",94,67,27,0,1,1,"coding"
"CRKL",85,62,23,0,1,1,"coding"
"CSNK2A2",46,29,17,0,1,1,"coding"
"CTBP2",23,20,3,0,1,1,"coding"
"CTSG",16,7,9,0,1,1,"coding"
"DIABLO",22,18,4,0,1,1,"coding"
"DLG4",76,33,43,0,1,1,"coding"
"DPPA2",7,4,3,0,1,1,"coding"
"DRD3",5,1,4,0,1,1,"coding"
"DUSP1",47,44,3,0,1,1,"coding"
"DVL3",47,43,4,0,1,1,"coding"
"ECH1",12,7,5,0,1,1,"coding"
"EFNA5",46,45,1,0,1,1,"coding"
"ERCC8",8,6,2,0,1,1,"coding"
"EXOSC4",20,9,11,0,1,1,"coding"
"EZR",29,21,8,0,1,1,"coding"
"FOSL2",130,65,65,0,1,1,"coding"
"FUNDC2",11,9,2,0,1,1,"coding"
"GABPA",95,15,80,0,1,1,"coding"
"GAPDH",69,48,21,0,1,1,"coding"
"GATA2",195,22,173,0,1,1,"coding"
"GGA2",34,24,10,0,1,1,"coding"
"GIPC1",29,20,9,0,1,1,"coding"
"GNA13",58,43,15,0,1,1,"coding"
"GNAI3",38,26,12,0,1,1,"coding"
"GNAQ",64,46,18,0,1,1,"coding"
"GOLM1",27,24,3,0,1,1,"coding"
"H3F3A",13,12,1,0,1,1,"coding"
"HCK",55,36,19,0,1,1,"coding"
"HDAC3",39,29,10,0,1,1,"coding"
"HHIP",45,43,2,0,1,1,"coding"
"HMGA1",78,66,12,0,1,1,"coding"
"HMOX2",23,11,12,0,1,1,"coding"
"HN1L",19,18,1,0,1,1,"coding"
"HOXC8",31,29,2,0,1,1,"coding"
"ID1",19,15,4,0,1,1,"coding"
"ID3",34,28,6,0,1,1,"coding"
"IGFBP3",34,26,8,0,1,1,"coding"
"IGFBP5",52,45,7,0,1,1,"coding"
"IL3",4,1,3,0,1,1,"coding"
"IL4",4,2,2,0,1,1,"coding"
"IL8",19,18,1,0,1,1,"coding"
"KPNA1",61,57,4,0,1,1,"coding"
"KRT15",33,29,4,0,1,1,"coding"
"KRTAP4-12",11,4,7,0,1,1,"coding"
"LAT",22,10,12,0,1,1,"coding"
"LIMS1",38,33,5,0,1,1,"coding"
"LRPAP1",32,29,3,0,1,1,"coding"
"LSM4",20,14,6,0,1,1,"coding"
"MAP2K6",29,25,4,0,1,1,"coding"
"MAPK1",157,127,30,0,1,1,"coding"
"MEST",9,6,3,0,1,1,"coding"
"MPHOSPH6",18,13,5,0,1,1,"coding"
"MPP6",46,41,5,0,1,1,"coding"
"MYD88",29,19,10,0,1,1,"coding"
"NCK2",39,29,10,0,1,1,"coding"
"NDN",19,14,5,0,1,1,"coding"
"NFIL3",23,21,2,0,1,1,"coding"
"NGFR",51,31,20,0,1,1,"coding"
"NPPA",4,2,2,0,1,1,"coding"
"NR5A1",13,7,6,0,1,1,"coding"
"NUDT18",22,15,7,0,1,1,"coding"
"NUDT3",93,77,16,0,1,1,"coding"
"OSGEP",11,3,8,0,1,1,"coding"
"OSM",13,12,1,0,1,1,"coding"
"PARD6A",16,7,9,0,1,1,"coding"
"PDX1",15,4,11,0,1,1,"coding"
"PEA15",12,11,1,0,1,1,"coding"
"PEBP1",31,29,2,0,1,1,"coding"
"PFDN1",27,19,8,0,1,1,"coding"
"POLR3F",23,20,3,0,1,1,"coding"
"PPP2R5A",26,21,5,0,1,1,"coding"
"PRKAR1B",11,10,1,0,1,1,"coding"
"PTAFR",15,12,3,0,1,1,"coding"
"PTGFR",15,13,2,0,1,1,"coding"
"PTMA",58,40,18,0,1,1,"coding"
"PTN",49,17,32,0,1,1,"coding"
"PTPN11",101,53,48,0,1,1,"coding"
"PTPN18",4,3,1,0,1,1,"coding"
"RAB27A",27,19,8,0,1,1,"coding"
"RAB5C",25,24,1,0,1,1,"coding"
"RAD52",10,8,2,0,1,1,"coding"
"RAN",88,75,13,0,1,1,"coding"
"RANBP9",29,23,6,0,1,1,"coding"
"RAP2A",40,32,8,0,1,1,"coding"
"RFC5",17,13,4,0,1,1,"coding"
"RNF130",11,9,2,0,1,1,"coding"
"RPA1",34,18,16,0,1,1,"coding"
"RPP14",25,23,2,0,1,1,"coding"
"RPS10",16,12,4,0,1,1,"coding"
"RYBP",73,70,3,0,1,1,"coding"
"S100A6",5,4,1,0,1,1,"coding"
"SFN",19,14,5,0,1,1,"coding"
"SH3GL3",25,8,17,0,1,1,"coding"
"SHBG",12,4,8,0,1,1,"coding"
"SKP1",49,42,7,0,1,1,"coding"
"SMAD1",117,27,90,0,1,1,"coding"
"SMAD6",18,15,3,0,1,1,"coding"
"SMAD7",60,46,14,0,1,1,"coding"
"SNAPIN",20,15,5,0,1,1,"coding"
"SNCA",31,16,15,0,1,1,"coding"
"SNRNP70",22,18,4,0,1,1,"coding"
"SOD1",10,9,1,0,1,1,"coding"
"SOX8",18,12,6,0,1,1,"coding"
"SRC",104,49,55,0,1,1,"coding"
"SRF",189,34,155,0,1,1,"coding"
"STOM",16,15,1,0,1,1,"coding"
"STX8",11,9,2,0,1,1,"coding"
"TCEB1",49,45,4,0,1,1,"coding"
"TGFA",35,31,4,0,1,1,"coding"
"TK1",123,89,34,0,1,1,"coding"
"TNFRSF10A",19,8,11,0,1,1,"coding"
"TNFRSF10B",40,34,6,0,1,1,"coding"
"TNFSF14",11,9,2,0,1,1,"coding"
"TNK2",30,28,2,0,1,1,"coding"
"TRAF2",92,17,75,0,1,1,"coding"
"TRIM5",12,10,2,0,1,1,"coding"
"TUBA4A",31,18,13,0,1,1,"coding"
"UBE2I",80,67,13,0,1,1,"coding"
"UBE2L3",20,16,4,0,1,1,"coding"
"UNC119",54,24,30,0,1,1,"coding"
"VAMP2",25,22,3,0,1,1,"coding"
"VDAC1",27,21,6,0,1,1,"coding"
"YWHAG",233,185,48,0,1,1,"coding"
"ZNF512B",50,40,10,0,1,1,"coding"
"ACP1",29,23,6,0,1,NA,"coding"
"ACTC1",18,8,10,0,1,NA,"coding"
"ACVR1",76,52,24,0,1,NA,"coding"
"APOA2",2,1,1,0,1,NA,"coding"
"ARL4D",22,20,2,0,1,NA,"coding"
"ARPC3",19,15,4,0,1,NA,"coding"
"ASIP",4,3,1,0,1,NA,"coding"
"ATP5J2",13,10,3,0,1,NA,"coding"
"AVP",6,4,2,0,1,NA,"coding"
"BCL2",97,79,18,0,1,NA,"coding"
"C14orf1",33,23,10,0,1,NA,"coding"
"C1QBP",23,20,3,0,1,NA,"coding"
"C1QTNF1",6,4,2,0,1,NA,"coding"
"CALM1",95,72,23,0,1,NA,"coding"
"CAMLG",26,21,5,0,1,NA,"coding"
"CAPNS1",17,11,6,0,1,NA,"coding"
"CBR3",3,2,1,0,1,NA,"coding"
"CCDC85B",90,74,16,0,1,NA,"coding"
"CCL25",2,1,1,0,1,NA,"coding"
"CCL3",13,12,1,0,1,NA,"coding"
"CCL4",8,3,5,0,1,NA,"coding"
"CCL5",30,23,7,0,1,NA,"coding"
"CD247",20,6,14,0,1,NA,"coding"
"CD81",25,20,5,0,1,NA,"coding"
"CDC42",73,44,29,0,1,NA,"coding"
"CDK9",43,31,12,0,1,NA,"coding"
"CEBPG",47,40,7,0,1,NA,"coding"
"CHMP1B",28,26,2,0,1,NA,"coding"
"CHMP4A",6,3,3,0,1,NA,"coding"
"CIB1",12,9,3,0,1,NA,"coding"
"CNOT7",25,22,3,0,1,NA,"coding"
"CSK",38,29,9,0,1,NA,"coding"
"CSNK2B",77,30,47,0,1,NA,"coding"
"CXCL13",9,7,2,0,1,NA,"coding"
"CYCS",73,71,2,0,1,NA,"coding"
"DAZAP2",103,93,10,0,1,NA,"coding"
"DUSP23",15,9,6,0,1,NA,"coding"
"DVL2",31,20,11,0,1,NA,"coding"
"DYNLL1",43,31,12,0,1,NA,"coding"
"DYNLL2",53,51,2,0,1,NA,"coding"
"E2F2",98,83,15,0,1,NA,"coding"
"EBI3",10,9,1,0,1,NA,"coding"
"EIF4EBP1",49,43,6,0,1,NA,"coding"
"EVL",18,14,4,0,1,NA,"coding"
"FADD",26,14,12,0,1,NA,"coding"
"FCER1G",11,4,7,0,1,NA,"coding"
"FOSL1",112,29,83,0,1,NA,"coding"
"FOXA2",141,3,138,0,1,NA,"coding"
"FYN",162,91,71,0,1,NA,"coding"
"GABARAPL2",11,10,1,0,1,NA,"coding"
"GADD45A",37,25,12,0,1,NA,"coding"
"GADD45G",36,21,15,0,1,NA,"coding"
"GAS1",27,25,2,0,1,NA,"coding"
"GATA6",129,90,39,0,1,NA,"coding"
"GNA15",10,5,5,0,1,NA,"coding"
"GNG13",5,4,1,0,1,NA,"coding"
"GRB2",133,67,66,0,1,NA,"coding"
"H2AFX",44,38,6,0,1,NA,"coding"
"HLA-DRA",13,10,3,0,1,NA,"coding"
"HMGCL",5,4,1,0,1,NA,"coding"
"HOXB7",7,5,2,0,1,NA,"coding"
"HSPA1A",49,36,13,0,1,NA,"coding"
"HSPA1B",26,24,2,0,1,NA,"coding"
"IGF1",92,90,2,0,1,NA,"coding"
"IGF2",62,55,7,0,1,NA,"coding"
"IL2",9,7,2,0,1,NA,"coding"
"IRS2",46,39,7,0,1,NA,"coding"
"KLF2",50,46,4,0,1,NA,"coding"
"LEF1",32,17,15,0,1,NA,"coding"
"LSM2",10,3,7,0,1,NA,"coding"
"LSM7",15,4,11,0,1,NA,"coding"
"LTB",10,8,2,0,1,NA,"coding"
"MAFG",42,36,6,0,1,NA,"coding"
"MAP1LC3B",33,28,5,0,1,NA,"coding"
"MAPK11",12,10,2,0,1,NA,"coding"
"MAPK12",16,7,9,0,1,NA,"coding"
"MDFI",66,56,10,0,1,NA,"coding"
"MED31",30,25,5,0,1,NA,"coding"
"MED9",17,12,5,0,1,NA,"coding"
"MTA1",24,19,5,0,1,NA,"coding"
"MVD",6,5,1,0,1,NA,"coding"
"NEDD8",15,8,7,0,1,NA,"coding"
"NFYA",218,48,170,0,1,NA,"coding"
"NKX2-1",19,3,16,0,1,NA,"coding"
"NME1",22,17,5,0,1,NA,"coding"
"NPM1",37,29,8,0,1,NA,"coding"
"PAFAH1B2",55,53,2,0,1,NA,"coding"
"PBX2",13,10,3,0,1,NA,"coding"
"PCNA",82,71,11,0,1,NA,"coding"
"PFN1",52,39,13,0,1,NA,"coding"
"PFN2",56,49,7,0,1,NA,"coding"
"PIN1",59,39,20,0,1,NA,"coding"
"PLA2G10",4,3,1,0,1,NA,"coding"
"PLSCR1",61,36,25,0,1,NA,"coding"
"POLR2E",28,24,4,0,1,NA,"coding"
"POMC",8,5,3,0,1,NA,"coding"
"PPIA",32,27,5,0,1,NA,"coding"
"PPP1CA",36,30,6,0,1,NA,"coding"
"PPP1CC",50,47,3,0,1,NA,"coding"
"PRMT1",33,20,13,0,1,NA,"coding"
"PRSS23",33,25,8,0,1,NA,"coding"
"PRTN3",7,6,1,0,1,NA,"coding"
"PSME3",51,44,7,0,1,NA,"coding"
"PXN",52,28,24,0,1,NA,"coding"
"RAB17",17,13,4,0,1,NA,"coding"
"RAB5B",68,64,4,0,1,NA,"coding"
"RAC1",74,42,32,0,1,NA,"coding"
"RASSF1",21,13,8,0,1,NA,"coding"
"RBL2",42,36,6,0,1,NA,"coding"
"RBPMS",36,33,3,0,1,NA,"coding"
"RGS19",20,12,8,0,1,NA,"coding"
"RGS2",34,13,21,0,1,NA,"coding"
"RHOG",22,17,5,0,1,NA,"coding"
"RIBC2",12,4,8,0,1,NA,"coding"
"RING1",15,12,3,0,1,NA,"coding"
"RIT1",12,10,2,0,1,NA,"coding"
"RNF11",84,64,20,0,1,NA,"coding"
"RNF216",19,15,4,0,1,NA,"coding"
"RNF4",33,32,1,0,1,NA,"coding"
"S100A4",7,5,2,0,1,NA,"coding"
"SDCBP",45,38,7,0,1,NA,"coding"
"SGTA",14,8,6,0,1,NA,"coding"
"SIAH2",24,22,2,0,1,NA,"coding"
"SLC9A3R2",41,34,7,0,1,NA,"coding"
"SMN1",70,29,41,0,1,NA,"coding"
"SNIP1",46,41,5,0,1,NA,"coding"
"SNRPD3",42,34,8,0,1,NA,"coding"
"STMN2",16,13,3,0,1,NA,"coding"
"SUMO2",52,43,9,0,1,NA,"coding"
"SUMO4",27,9,18,0,1,NA,"coding"
"SYNJ2BP",46,42,4,0,1,NA,"coding"
"TAF10",23,12,11,0,1,NA,"coding"
"TCEB2",14,8,6,0,1,NA,"coding"
"TGOLN2",56,52,4,0,1,NA,"coding"
"TLX1",44,21,23,0,1,NA,"coding"
"TNFRSF14",24,14,10,0,1,NA,"coding"
"TNFRSF4",7,1,6,0,1,NA,"coding"
"TNFSF10",11,10,1,0,1,NA,"coding"
"TNFSF11",26,15,11,0,1,NA,"coding"
"TNFSF12",4,3,1,0,1,NA,"coding"
"TTR",11,7,4,0,1,NA,"coding"
"TUBB2A",43,40,3,0,1,NA,"coding"
"TYROBP",8,6,2,0,1,NA,"coding"
"UBB",41,24,17,0,1,NA,"coding"
"UBD",4,3,1,0,1,NA,"coding"
"VHL",33,27,6,0,1,NA,"coding"
"VTA1",44,38,6,0,1,NA,"coding"
"WNT1",21,18,3,0,1,NA,"coding"
"YWHAE",77,58,19,0,1,NA,"coding"
"YWHAQ",95,79,16,0,1,NA,"coding"
"ZBTB7A",330,115,215,0,1,NA,"coding"
