"Name","K","Kin","Kout","TypeI","TypeII","weight.x","Type","weight.y","ensembl_gene_id","Gene.start..bp.","Gene.end..bp.","Length","mutation_density"
"TP53",111,21,90,0,1,328,"coding",328,"ENSG00000141510",7661779,7687550,25771,0.0127274843816693
"PIK3CA",42,31,11,0,1,381,"coding",381,"ENSG00000121879",179148114,179240093,91979,0.0041422498613814
"GATA3",397,23,374,0,1,104,"coding",104,"ENSG00000107485",8045378,8075198,29820,0.00348759221998659
"HLA-C",21,13,8,0,1,9,"coding",9,"ENSG00000204525",31268749,31272130,3381,0.00266193433895297
"GPS2",10,5,5,0,1,11,"coding",11,"ENSG00000132522",7311324,7315564,4240,0.00259433962264151
"ICAM4",4,3,1,0,1,4,"coding",4,"ENSG00000105371",10286955,10288522,1567,0.00255264837268666
"UBC",16,12,4,0,1,14,"coding",14,"ENSG00000150991",124911604,124917368,5764,0.00242886884108258
"STUB1",19,6,13,0,1,6,"coding",6,"ENSG00000103266",680224,682870,2646,0.00226757369614512
"GPRASP2",24,10,14,0,1,11,"coding",11,"ENSG00000158301",102712176,102717733,5557,0.00197948533381321
"APOA1",17,7,10,0,1,4,"coding",4,"ENSG00000118137",116835751,116837950,2199,0.00181900864029104
"GPRASP1",31,11,20,0,1,11,"coding",11,"ENSG00000198932",102651092,102659083,7991,0.00137654861719434
"IRF3",31,16,15,0,1,8,"coding",8,"ENSG00000126456",49659569,49665875,6306,0.0012686330478909
"GDF9",23,5,18,0,1,7,"coding",7,"ENSG00000164404",132861181,132866884,5703,0.00122742416272137
"RPL18A",24,20,4,0,1,5,"coding",5,"ENSG00000105640",17859910,17864153,4243,0.00117841150129625
"GP1BA",7,5,2,0,1,3,"coding",3,"ENSG00000185245",4932277,4935023,2746,0.0010924981791697
"HLA-A",30,20,10,0,1,5,"coding",5,"ENSG00000206503",29941260,29945884,4624,0.00108131487889273
"HSPA8",79,56,23,0,1,6,"coding",6,"ENSG00000109971",123057489,123063230,5741,0.00104511409162167
"MED12",12,10,2,0,1,24,"coding",24,"ENSG00000184634",71118556,71142454,23898,0.00100426813959327
"EEF1A1",74,48,26,0,1,8,"coding",8,"ENSG00000156508",73515750,73523797,8047,0.000994159314030073
"KRT18",35,25,10,0,1,4,"coding",4,"ENSG00000111057",52948871,52952906,4035,0.000991325898389095
"TTN",16,8,8,0,1,293,"coding",293,"ENSG00000155657",178525989,178830802,304813,0.00096124509125267
"P2RY1",23,20,3,0,1,6,"coding",6,"ENSG00000169860",152835131,152841439,6308,0.000951173113506658
"CTGF",45,43,2,0,1,3,"coding",3,"ENSG00000118523",131948176,131951372,3196,0.000938673341677096
"COPS6",59,38,21,0,1,3,"coding",3,"ENSG00000168090",100088969,100092187,3218,0.000932256059664388
"FLNA",72,53,19,0,1,24,"coding",24,"ENSG00000196924",154348524,154374638,26114,0.000919047254346328
"KRTAP4-12",11,4,7,0,1,1,"coding",1,"ENSG00000213416",41123091,41124182,1091,0.000916590284142988
"APOB",12,5,7,0,1,38,"coding",38,"ENSG00000084674",21001429,21044073,42644,0.000891098396022887
"EMD",21,17,4,0,1,2,"coding",2,"ENSG00000102119",154379197,154381523,2326,0.000859845227858985
"JUN",316,59,257,0,1,3,"coding",3,"ENSG00000177606",58780788,58784327,3539,0.000847697089573326
"CHMP2A",10,8,2,0,1,3,"coding",3,"ENSG00000130724",58551566,58555124,3558,0.000843170320404722
"ATN1",59,36,23,0,1,15,"coding",15,"ENSG00000111676",6924463,6942321,17858,0.000839959681935267
"GABARAP",18,11,7,0,1,2,"coding",2,"ENSG00000170296",7240008,7242449,2441,0.000819336337566571
"ID1",19,15,4,0,1,1,"coding",1,"ENSG00000125968",31605283,31606515,1232,0.000811688311688312
"CXCR4",24,14,10,0,1,3,"coding",3,"ENSG00000121966",136114349,136118165,3816,0.000786163522012579
"HSPA5",48,31,17,0,1,5,"coding",5,"ENSG00000044574",125234853,125241343,6490,0.000770416024653313
"SFN",19,14,5,0,1,1,"coding",1,"ENSG00000175793",26863149,26864456,1307,0.000765110941086458
"HDAC6",13,10,3,0,1,18,"coding",18,"ENSG00000094631",48801377,48824982,23605,0.000762550307138318
"HAND2",57,26,31,0,1,4,"coding",4,"ENSG00000164107",173524969,173530229,5260,0.000760456273764259
"MCM7",65,54,11,0,1,7,"coding",7,"ENSG00000166508",100092728,100101940,9212,0.000759878419452888
"RABAC1",43,29,14,0,1,2,"coding",2,"ENSG00000105404",41956681,41959321,2640,0.000757575757575758
"PTGDS",9,4,5,0,1,5,"coding",5,"ENSG00000107317",136975092,136981742,6650,0.00075187969924812
"RGS4",19,14,5,0,1,6,"coding",6,"ENSG00000117152",163068775,163076802,8027,0.000747477264233213
"FLNC",27,20,7,0,1,21,"coding",21,"ENSG00000128591",128830377,128859274,28897,0.000726719036578192
"NFKB2",57,12,45,0,1,6,"coding",6,"ENSG00000077150",102394110,102402524,8414,0.000713097218920846
"RPL8",16,12,4,0,1,2,"coding",2,"ENSG00000161016",144789765,144792587,2822,0.00070871722182849
"TUBA1A",26,15,11,0,1,3,"coding",3,"ENSG00000167552",49184795,49189080,4285,0.000700116686114352
"SIX3",28,25,3,0,1,3,"coding",3,"ENSG00000138083",44941702,44946071,4369,0.000686655985351339
"KRT5",7,3,4,0,1,4,"coding",4,"ENSG00000186081",52514575,52520530,5955,0.000671704450041982
"HSP90AB1",49,44,5,0,1,5,"coding",5,"ENSG00000096384",44246166,44253888,7722,0.000647500647500647
"FLII",14,10,4,0,1,9,"coding",9,"ENSG00000177731",18244815,18258738,13923,0.000646412411118293
"MMP3",13,10,3,0,1,5,"coding",5,"ENSG00000149968",102835801,102843609,7808,0.000640368852459016
"ID3",34,28,6,0,1,1,"coding",1,"ENSG00000117318",23557926,23559501,1575,0.000634920634920635
"PNN",19,14,5,0,1,5,"coding",5,"ENSG00000100941",39175183,39183220,8037,0.000622122682593007
"NDN",19,14,5,0,1,1,"coding",1,"ENSG00000182636",23685679,23687305,1626,0.000615006150061501
"S100A6",5,4,1,0,1,1,"coding",1,"ENSG00000197956",153534599,153536244,1645,0.00060790273556231
"CCR1",10,8,2,0,1,4,"coding",4,"ENSG00000163823",46201711,46208313,6602,0.000605877006967586
"PLXNB3",6,1,5,0,1,9,"coding",9,"ENSG00000198753",153764196,153779346,15150,0.000594059405940594
"TUBB",83,66,17,0,1,3,"coding",3,"ENSG00000196230",30720352,30725426,5074,0.000591249507292077
"ADRB2",30,16,14,0,1,2,"coding",2,"ENSG00000169252",148825245,148828687,3442,0.000581057524694945
"ADAM15",13,12,1,0,1,7,"coding",7,"ENSG00000143537",155050566,155062775,12209,0.000573347530510279
"CHD3",66,49,17,0,1,16,"coding",16,"ENSG00000170004",7884806,7912760,27954,0.000572368891750733
"CD79B",9,5,4,0,1,2,"coding",2,"ENSG00000007312",63928740,63932354,3614,0.000553403431101273
"TUBA1B",40,38,2,0,1,2,"coding",2,"ENSG00000123416",49127782,49131397,3615,0.000553250345781466
"PARD6A",16,7,9,0,1,1,"coding",1,"ENSG00000102981",67660946,67662778,1832,0.000545851528384279
"GNB2L1",47,37,10,0,1,6,"coding",6,"ENSG00000204628",181236909,181248096,11187,0.00053633681952266
"SERPINC1",15,13,2,0,1,7,"coding",7,"ENSG00000117601",173903804,173917378,13574,0.000515691763665832
"KLK3",10,4,6,0,1,3,"coding",3,"ENSG00000142515",50854915,50860764,5849,0.000512908189434091
"MED8",47,41,6,0,1,3,"coding",3,"ENSG00000159479",43383917,43389808,5891,0.000509251400441351
"FCGR1A",6,2,4,0,1,5,"coding",5,"ENSG00000150337",149782671,149792518,9847,0.000507768863613283
"CHGB",10,5,5,0,1,7,"coding",7,"ENSG00000089199",5911510,5925353,13843,0.000505670736112114
"APLP1",22,15,7,0,1,6,"coding",6,"ENSG00000105290",35867899,35879791,11892,0.000504540867810293
"EXOSC4",20,9,11,0,1,1,"coding",1,"ENSG00000178896",144078648,144080648,2000,5e-04
"TRIP6",27,18,9,0,1,3,"coding",3,"ENSG00000087077",100867387,100873454,6067,0.000494478325366738
"PIP4K2C",35,29,6,0,1,6,"coding",6,"ENSG00000166908",57591174,57603418,12244,0.000490035935968638
"CDK5",32,24,8,0,1,2,"coding",2,"ENSG00000164885",151053815,151057897,4082,0.000489955903968643
"CNKSR1",6,4,2,0,1,6,"coding",6,"ENSG00000142675",26177484,26189884,12400,0.000483870967741935
"GSK3A",21,20,1,0,1,6,"coding",6,"ENSG00000105723",42230190,42242625,12435,0.000482509047044632
"PLAU",18,14,4,0,1,4,"coding",4,"ENSG00000122861",73909177,73917496,8319,0.000480827022478663
"NKX3-1",32,16,16,0,1,2,"coding",2,"ENSG00000167034",23678697,23682938,4241,0.000471586889884461
"PMAIP1",25,21,4,0,1,2,"coding",2,"ENSG00000141682",59899948,59904306,4358,0.000458926112895824
"E2F1",501,54,447,0,1,5,"coding",5,"ENSG00000101412",33675477,33686385,10908,0.000458379171250458
"TLN1",60,53,7,0,1,16,"coding",16,"ENSG00000137076",35696948,35732195,35247,0.000453939342355378
"DSP",24,23,1,0,1,20,"coding",20,"ENSG00000096696",7541617,7586714,45097,0.000443488480386722
"SMPD1",13,10,3,0,1,2,"coding",2,"ENSG00000166311",6390440,6394998,4558,0.000438788942518649
"THBS1",92,80,12,0,1,8,"coding",8,"ENSG00000137801",39581079,39599466,18387,0.000435090009245663
"TRAF4",19,13,6,0,1,3,"coding",3,"ENSG00000076604",28744005,28750956,6951,0.000431592576607682
"EFNA1",33,29,4,0,1,3,"coding",3,"ENSG00000169242",155127876,155134899,7023,0.000427167876975651
"AP2M1",36,32,4,0,1,4,"coding",4,"ENSG00000161203",184174689,184184091,9402,0.000425441395447777
"IL2RG",16,9,7,0,1,2,"coding",2,"ENSG00000147168",71107404,71112108,4704,0.000425170068027211
"AP1S1",22,20,2,0,1,3,"coding",3,"ENSG00000106367",101154456,101161596,7140,0.000420168067226891
"EFEMP2",24,18,6,0,1,3,"coding",3,"ENSG00000172638",65866441,65873592,7151,0.00041952174521046
"ILK",34,24,10,0,1,3,"coding",3,"ENSG00000166333",6603708,6610874,7166,0.000418643594753
"NLGN3",12,9,3,0,1,11,"coding",11,"ENSG00000196338",71144831,71171201,26370,0.000417140690178233
"SETDB1",67,53,14,0,1,16,"coding",16,"ENSG00000143379",150926263,150964744,38481,0.000415789610457109
"CREB3L3",5,2,3,0,1,8,"coding",8,"ENSG00000060566",4153631,4173054,19423,0.000411882819337898
"RPGR",5,4,1,0,1,24,"coding",24,"ENSG00000156313",38269170,38327544,58374,0.000411141946757118
"PSMC5",27,25,2,0,1,2,"coding",2,"ENSG00000087191",63827152,63832026,4874,0.000410340582683627
"B2M",28,26,2,0,1,3,"coding",3,"ENSG00000166710",44711487,44718877,7390,0.00040595399188092
"WAS",28,13,15,0,1,6,"coding",6,"ENSG00000015285",48676596,48691427,14831,0.000404558020362754
"HRAS",54,30,24,0,1,2,"coding",2,"ENSG00000174775",532242,537287,5045,0.000396432111000991
"SNRPD2",20,9,11,0,1,2,"coding",2,"ENSG00000125743",45687454,45692569,5115,0.000391006842619746
"PIGR",26,23,3,0,1,7,"coding",7,"ENSG00000162896",206928522,206946466,17944,0.000390102541239411
"PSMC3",11,7,4,0,1,3,"coding",3,"ENSG00000165916",47418769,47426473,7704,0.000389408099688474
"LRP1",55,39,16,0,1,33,"coding",33,"ENSG00000123384",57128493,57213351,84858,0.000388884960757972
"SPRY2",29,24,5,0,1,2,"coding",2,"ENSG00000136158",80335976,80341126,5150,0.000388349514563107
"SF3B1",33,27,6,0,1,18,"coding",18,"ENSG00000115524",197388515,197435091,46576,0.000386465132256956
"RAD23A",19,13,6,0,1,3,"coding",3,"ENSG00000179262",12945855,12953642,7787,0.000385257480416078
"NPPA",4,2,2,0,1,1,"coding",1,"ENSG00000175206",11845709,11848345,2636,0.000379362670713202
"IL3",4,1,3,0,1,1,"coding",1,"ENSG00000164399",132060529,132063204,2675,0.000373831775700935
"CTSG",16,7,9,0,1,1,"coding",1,"ENSG00000100448",24573518,24576250,2732,0.000366032210834553
"VCAM1",31,28,3,0,1,7,"coding",7,"ENSG00000162692",100719742,100739045,19303,0.00036263793192768
"PTEN",75,69,6,0,1,39,"coding",39,"ENSG00000171862",87863625,87971930,108305,0.000360094178477448
"KPNA2",77,72,5,0,1,4,"coding",4,"ENSG00000182481",68035708,68046854,11146,0.000358873138345595
"ID2",27,19,8,0,1,2,"coding",2,"ENSG00000115738",8678845,8684461,5616,0.000356125356125356
"MAD2L1",28,23,5,0,1,4,"coding",4,"ENSG00000164109",120055623,120066858,11235,0.000356030262572319
"CALCA",2,1,1,0,1,2,"coding",2,"ENSG00000110680",14966668,14972354,5686,0.000351741118536757
"KHSRP",66,59,7,0,1,4,"coding",4,"ENSG00000088247",6413348,6424794,11446,0.000349467062729338
"IDH3B",6,5,1,0,1,2,"coding",2,"ENSG00000101365",2658395,2664219,5824,0.000343406593406593
"CALR",77,59,18,0,1,2,"coding",2,"ENSG00000179218",12938578,12944489,5911,0.000338352224665877
"CDK2",100,91,9,0,1,2,"coding",2,"ENSG00000123374",55966781,55972789,6008,0.00033288948069241
"SHC1",79,48,31,0,1,4,"coding",4,"ENSG00000160691",154962298,154974395,12097,0.000330660494337439
"AGAP2",9,8,1,0,1,6,"coding",6,"ENSG00000135439",57723761,57742157,18396,0.000326157860404436
"KISS1",2,1,1,0,1,2,"coding",2,"ENSG00000170498",204190341,204196491,6150,0.00032520325203252
"UBQLN4",75,37,38,0,1,6,"coding",6,"ENSG00000160803",156035299,156053798,18499,0.000324341856316558
"DUSP1",47,44,3,0,1,1,"coding",1,"ENSG00000120129",172768096,172771195,3099,0.000322684737011939
"MYB",283,28,255,0,1,12,"coding",12,"ENSG00000118513",135181308,135219173,37865,0.000316915357190017
"IL8",19,18,1,0,1,1,"coding",1,"ENSG00000169429",73740541,73743716,3175,0.00031496062992126
"SNAPIN",20,15,5,0,1,1,"coding",1,"ENSG00000143553",153658654,153661830,3176,0.000314861460957179
"ITGB7",12,3,9,0,1,5,"coding",5,"ENSG00000139626",53191323,53207282,15959,0.000313302838523717
"ZNF417",34,32,2,0,1,5,"coding",5,"ENSG00000173480",57900296,57916610,16314,0.000306485227412039
"CBX2",55,54,1,0,1,3,"coding",3,"ENSG00000173894",79778148,79787983,9835,0.000305033045246568
"HGS",37,18,19,0,1,6,"coding",6,"ENSG00000185359",81683326,81703138,19812,0.000302846759539673
"TNFRSF1A",43,20,23,0,1,4,"coding",4,"ENSG00000067182",6328757,6342114,13357,0.000299468443512765
"XAB2",8,3,5,0,1,3,"coding",3,"ENSG00000076924",7619525,7629545,10020,0.00029940119760479
"ADRBK1",35,20,15,0,1,6,"coding",6,"ENSG00000173020",67266473,67286556,20083,0.000298760145396604
"SOX10",25,12,13,0,1,5,"coding",5,"ENSG00000100146",37970686,37987422,16736,0.000298757170172084
"STX4",27,20,7,0,1,3,"coding",3,"ENSG00000103496",31032889,31042975,10086,0.000297441998810232
"LRRC41",15,14,1,0,1,12,"coding",12,"ENSG00000132128",46261196,46303608,42412,0.000282938790908234
"PDLIM7",20,14,6,0,1,4,"coding",4,"ENSG00000196923",177483394,177497606,14212,0.000281452293836195
"PROC",6,4,2,0,1,3,"coding",3,"ENSG00000115718",127418427,127429246,10819,0.000277289952860708
"EWSR1",64,35,29,0,1,9,"coding",9,"ENSG00000182944",29268009,29300525,32516,0.000276786812646082
"GHRL",5,1,4,0,1,2,"coding",2,"ENSG00000157017",10285675,10292947,7272,0.000275027502750275
"RAB3A",9,5,4,0,1,2,"coding",2,"ENSG00000105649",18196784,18204074,7290,0.000274348422496571
"CD2",13,8,5,0,1,4,"coding",4,"ENSG00000116824",116754430,116769229,14799,0.000270288533008987
"ANXA1",21,12,9,0,1,5,"coding",5,"ENSG00000135046",73151865,73170393,18528,0.00026986183074266
"FURIN",25,16,9,0,1,4,"coding",4,"ENSG00000140564",90868588,90883458,14870,0.000268997982515131
"TYK2",23,12,11,0,1,8,"coding",8,"ENSG00000105397",10350529,10380676,30147,0.000265366371446578
"HOXC8",31,29,2,0,1,1,"coding",1,"ENSG00000037965",54008985,54012769,3784,0.000264270613107822
"MARS",31,30,1,0,1,11,"coding",11,"ENSG00000166986",57475445,57517569,42124,0.00026113379546102
"LLGL1",17,16,1,0,1,5,"coding",5,"ENSG00000131899",18225635,18244875,19240,0.00025987525987526
"GAPDH",69,48,21,0,1,1,"coding",1,"ENSG00000111640",6534512,6538374,3862,0.000258933195235629
"CD3E",15,11,4,0,1,3,"coding",3,"ENSG00000198851",118304545,118316175,11630,0.000257953568357696
"GATA1",319,6,313,0,1,2,"coding",2,"ENSG00000102145",48786554,48794311,7757,0.00025783163594173
"FGFR3",28,15,13,0,1,4,"coding",4,"ENSG00000068078",1793293,1808872,15579,0.000256755889338212
"CAPN1",17,9,8,0,1,8,"coding",8,"ENSG00000014216",65180566,65212006,31440,0.000254452926208651
"UTP14A",29,20,9,0,1,6,"coding",6,"ENSG00000156697",129906121,129929761,23640,0.000253807106598985
"NOV",13,8,5,0,1,2,"coding",2,"ENSG00000136999",119416446,119424434,7988,0.000250375563345017
"HNRNPH3",20,16,4,0,1,3,"coding",3,"ENSG00000096746",68331174,68343191,12017,0.000249646334359657
"OSM",13,12,1,0,1,1,"coding",1,"ENSG00000099985",30262829,30266851,4022,0.000248632521133764
"FES",13,9,4,0,1,3,"coding",3,"ENSG00000182511",90883695,90895776,12081,0.000248323814253787
"GOLGA2",40,28,12,0,1,5,"coding",5,"ENSG00000167110",128255829,128275995,20166,0.000247942080729941
"BCL3",49,15,34,0,1,3,"coding",3,"ENSG00000069399",44747705,44760044,12339,0.000243131534159981
"PHYHIP",45,34,11,0,1,3,"coding",3,"ENSG00000168490",22219703,22232101,12398,0.000241974512018067
"CASP8",52,27,25,0,1,13,"coding",13,"ENSG00000064012",201233443,201287711,54268,0.000239551853762807
"SFPQ",175,56,119,0,1,4,"coding",4,"ENSG00000116560",35176378,35193145,16767,0.000238563845649192
"CDC20",22,18,4,0,1,1,"coding",1,"ENSG00000117399",43358981,43363203,4222,0.000236854571293226
"NCF4",6,5,1,0,1,4,"coding",4,"ENSG00000100365",36860988,36878017,17029,0.000234893417111985
"PSMD4",11,9,2,0,1,3,"coding",3,"ENSG00000159352",151254703,151267479,12776,0.000234815278647464
"TYRO3",26,22,4,0,1,6,"coding",6,"ENSG00000092445",41557675,41583589,25914,0.000231535077564251
"POLR2A",78,66,12,0,1,7,"coding",7,"ENSG00000181222",7484366,7514618,30252,0.000231389660187756
"TM4SF1",22,18,4,0,1,2,"coding",2,"ENSG00000169908",149369022,149377692,8670,0.000230680507497116
"PIK3R2",32,21,11,0,1,4,"coding",4,"ENSG00000105647",18153163,18170532,17369,0.000230295353791237
"TGFBI",16,13,3,0,1,8,"coding",8,"ENSG00000120708",136028988,136063818,34830,0.000229687051392478
"RND1",7,4,3,0,1,2,"coding",2,"ENSG00000172602",48857145,48865870,8725,0.000229226361031519
"DLST",12,10,2,0,1,5,"coding",5,"ENSG00000119689",74881891,74903743,21852,0.000228812008054183
"VAMP2",25,22,3,0,1,1,"coding",1,"ENSG00000220205",8159149,8163546,4397,0.000227427791676143
"MED25",8,5,3,0,1,5,"coding",5,"ENSG00000104973",49818279,49840383,22104,0.000226203402099168
"EIF2B1",15,12,3,0,1,3,"coding",3,"ENSG00000111361",123620406,123633766,13360,0.000224550898203593
"GRASP",11,7,4,0,1,2,"coding",2,"ENSG00000161835",52006946,52015889,8943,0.000223638600022364
"BRCA2",21,16,5,0,1,19,"coding",19,"ENSG00000139618",32315086,32400266,85180,0.000223057055646865
"ZNF165",3,2,1,0,1,2,"coding",2,"ENSG00000197279",28080568,28089563,8995,0.000222345747637576
"SYNCRIP",90,88,2,0,1,8,"coding",8,"ENSG00000135316",85607785,85643792,36007,0.000222179020745966
"ARR3",8,4,4,0,1,3,"coding",3,"ENSG00000120500",70268305,70281840,13535,0.000221647580347248
"BMP4",15,8,7,0,1,2,"coding",2,"ENSG00000125378",53949736,53958761,9025,0.000221606648199446
"MYD88",29,19,10,0,1,1,"coding",1,"ENSG00000172936",38138478,38143022,4544,0.000220070422535211
"TOPBP1",26,22,4,0,1,14,"coding",14,"ENSG00000163781",133598175,133662380,64205,0.00021805155361732
"NUP62",37,34,3,0,1,5,"coding",5,"ENSG00000213024",49906825,49929763,22938,0.000217978899642515
"CHUK",53,35,18,0,1,9,"coding",9,"ENSG00000213341",100188300,100229596,41296,0.00021793878341728
"TAF1C",13,9,4,0,1,2,"coding",2,"ENSG00000103168",84177847,84187070,9223,0.00021684918139434
"VCAN",62,51,11,0,1,24,"coding",24,"ENSG00000038427",83471618,83582303,110685,0.000216831548990378
"JUP",26,19,7,0,1,7,"coding",7,"ENSG00000173801",41754604,41786931,32327,0.000216537259875646
"VIM",105,73,32,0,1,2,"coding",2,"ENSG00000026025",17228241,17237593,9352,0.000213857998289136
"MAPK3",70,60,10,0,1,2,"coding",2,"ENSG00000102882",30114105,30123506,9401,0.000212743325178173
"WBP11",25,19,6,0,1,4,"coding",4,"ENSG00000084463",14784582,14803486,18904,0.000211595429538722
"FXR2",36,24,12,0,1,5,"coding",5,"ENSG00000129245",7591230,7614871,23641,0.000211496975593249
"RANBP2",46,35,11,0,1,14,"coding",14,"ENSG00000153201",108719482,108785809,66327,0.000211075429312346
"CDK5RAP1",6,4,2,0,1,9,"coding",9,"ENSG00000101391",33358839,33401561,42722,0.000210664294742755
"ILF3",37,35,2,0,1,8,"coding",8,"ENSG00000129351",10654261,10692417,38156,0.000209665583394486
"PIK3R1",144,87,57,0,1,18,"coding",18,"ENSG00000145675",68215756,68301821,86065,0.000209144251437867
"SMG5",13,12,1,0,1,7,"coding",7,"ENSG00000198952",156249224,156282825,33601,0.000208327133121038
"SDCBP2",7,2,5,0,1,4,"coding",4,"ENSG00000125775",1309909,1329139,19230,0.000208008320332813
"RET",30,16,14,0,1,11,"coding",11,"ENSG00000165731",43077069,43130351,53282,0.000206448706880372
"GGA1",31,23,8,0,1,5,"coding",5,"ENSG00000100083",37608725,37633564,24839,0.000201296348484238
"LSM5",13,9,4,0,1,2,"coding",2,"ENSG00000106355",32485338,32495283,9945,0.000201106083459025
"LRP10",39,38,1,0,1,2,"coding",2,"ENSG00000197324",22871740,22881713,9973,0.000200541461947258
"HNRNPUL1",44,41,3,0,1,9,"coding",9,"ENSG00000105323",41262496,41307598,45102,0.000199547691898364
"HSPD1",49,40,9,0,1,6,"coding",6,"ENSG00000144381",197486584,197516737,30153,0.000198985175604417
"CCR10",11,8,3,0,1,1,"coding",1,"ENSG00000184451",42678889,42683917,5028,0.000198886237072395
"FANCD2",21,15,6,0,1,15,"coding",15,"ENSG00000144554",10026414,10101930,75516,0.000198633402192913
"SPTAN1",28,17,11,0,1,16,"coding",16,"ENSG00000197694",128552558,128633662,81104,0.000197277569540343
"ITGB2",32,10,22,0,1,9,"coding",9,"ENSG00000160255",44885953,44931989,46036,0.000195499174559041
"RYR1",16,7,9,0,1,30,"coding",30,"ENSG00000196218",38433699,38587564,153865,0.00019497611542586
"NLRP12",6,5,1,0,1,6,"coding",6,"ENSG00000142405",53793603,53824394,30791,0.00019486213503946
"U2AF2",26,22,4,0,1,4,"coding",4,"ENSG00000063244",55654146,55674715,20569,0.000194467402401672
"GIT1",49,34,15,0,1,4,"coding",4,"ENSG00000108262",29573469,29594054,20585,0.000194316249696381
"HMGCR",28,27,1,0,1,5,"coding",5,"ENSG00000113161",75336329,75362101,25772,0.000194009002017694
"PSEN2",20,12,8,0,1,5,"coding",5,"ENSG00000143801",226870184,226896105,25921,0.000192893792677752
"BMI1",43,39,4,0,1,2,"coding",2,"ENSG00000168283",22321099,22331484,10385,0.000192585459797785
"SOX8",18,12,6,0,1,1,"coding",1,"ENSG00000005513",981770,986979,5209,0.000191975427145325
"PPFIA3",8,4,4,0,1,6,"coding",6,"ENSG00000177380",49119544,49151026,31482,0.000190585096245474
"PDGFRB",43,20,23,0,1,8,"coding",8,"ENSG00000113721",150113839,150155872,42033,0.000190326648109818
"ELN",21,19,2,0,1,8,"coding",8,"ENSG00000049540",74027789,74069907,42118,0.00018994254238093
"PRPF3",7,4,3,0,1,6,"coding",6,"ENSG00000117360",150321479,150353233,31754,0.000188952572904201
"ZNF76",31,12,19,0,1,7,"coding",7,"ENSG00000065029",35258909,35295985,37076,0.000188801380947244
"SREBF1",60,35,25,0,1,5,"coding",5,"ENSG00000072310",17810399,17837011,26612,0.000187885164587404
"CCR5",40,29,11,0,1,1,"coding",1,"ENSG00000160791",46370854,46376206,5352,0.000186846038863976
"PRKD2",26,22,4,0,1,8,"coding",8,"ENSG00000105287",46674275,46717127,42852,0.000186689069354989
"CSF2RB",19,8,11,0,1,5,"coding",5,"ENSG00000100368",36913628,36940439,26811,0.000186490619521838
"HSPA9",27,24,3,0,1,4,"coding",4,"ENSG00000113013",138553756,138575416,21660,0.000184672206832872
"PLAT",24,21,3,0,1,6,"coding",6,"ENSG00000104368",42175233,42207724,32491,0.000184666523037149
"KCNJ12",28,26,2,0,1,8,"coding",8,"ENSG00000184185",21376357,21419870,43513,0.000183853101372004
"ARRB2",40,22,18,0,1,2,"coding",2,"ENSG00000141480",4710596,4721499,10903,0.000183435751627992
"IL21",2,1,1,0,1,2,"coding",2,"ENSG00000138684",122610108,122621066,10958,0.000182515057492243
"GNAS",46,38,8,0,1,13,"coding",13,"ENSG00000087460",58839718,58911192,71474,0.000181884321571481
"TNNT1",24,12,12,0,1,3,"coding",3,"ENSG00000105048",55132698,55149206,16508,0.000181730070268961
"IKBKAP",27,23,4,0,1,12,"coding",12,"ENSG00000070061",108867517,108934124,66607,0.000180161244313661
"FMR1",35,33,2,0,1,7,"coding",7,"ENSG00000102081",147911951,147951125,39174,0.000178689947414101
"TGM2",24,13,11,0,1,7,"coding",7,"ENSG00000198959",38127385,38166578,39193,0.00017860332202179
"RAN",88,75,13,0,1,1,"coding",1,"ENSG00000132341",130872037,130877678,5641,0.000177273533061514
"ACVR1B",59,53,6,0,1,8,"coding",8,"ENSG00000135503",51951699,51997078,45379,0.000176292998964279
"BCAR1",44,33,11,0,1,7,"coding",7,"ENSG00000050820",75228181,75268053,39872,0.000175561797752809
"MAD2L2",8,4,4,0,1,3,"coding",3,"ENSG00000116670",11674480,11691650,17170,0.00017472335468841
"SHANK1",14,4,10,0,1,10,"coding",10,"ENSG00000161681",50661827,50719450,57623,0.0001735418149003
"FN1",94,76,18,0,1,13,"coding",13,"ENSG00000115414",215360440,215436073,75633,0.000171882643819497
"PROX1",43,35,8,0,1,10,"coding",10,"ENSG00000117707",213983181,214041502,58321,0.000171464823991358
"XPOT",57,54,3,0,1,8,"coding",8,"ENSG00000184575",64404392,64451125,46733,0.000171185243831982
"KDR",53,30,23,0,1,8,"coding",8,"ENSG00000128052",55078481,55125595,47114,0.00016980090843486
"BTK",49,8,41,0,1,7,"coding",7,"ENSG00000010671",101349447,101390796,41349,0.000169290672083968
"LAT",22,10,12,0,1,1,"coding",1,"ENSG00000213658",28984826,28990783,5957,0.000167869733087124
"UNC119",54,24,30,0,1,1,"coding",1,"ENSG00000109103",28546707,28552668,5961,0.000167757087736957
"ITGA5",41,27,14,0,1,4,"coding",4,"ENSG00000161638",54395261,54419266,24005,0.000166631951676734
"GOLGA3",12,9,3,0,1,10,"coding",10,"ENSG00000090615",132768914,132829078,60164,0.000166212352902068
"LRP2",29,13,16,0,1,39,"coding",39,"ENSG00000081479",169127109,169362534,235425,0.000165657852819369
"SP1",343,104,239,0,1,6,"coding",6,"ENSG00000185591",53380176,53416446,36270,0.000165425971877585
"A2M",26,8,18,0,1,8,"coding",8,"ENSG00000175899",9067664,9116229,48565,0.000164727684546484
"AXL",42,29,13,0,1,7,"coding",7,"ENSG00000167601",41219223,41261766,42543,0.000164539407188022
"ASGR1",16,12,4,0,1,1,"coding",1,"ENSG00000141505",7173431,7179564,6133,0.000163052339801076
"PNKP",6,4,2,0,1,3,"coding",3,"ENSG00000039650",49859882,49878351,18469,0.00016243434945043
"PTCH1",24,23,1,0,1,12,"coding",12,"ENSG00000185920",95442980,95517057,74077,0.000161993601252751
"MCM10",35,26,9,0,1,8,"coding",8,"ENSG00000065328",13161554,13211104,49550,0.000161453077699294
"EP300",179,155,24,0,1,14,"coding",14,"ENSG00000100393",41092592,41180077,87485,0.000160027433274276
"AKAP9",40,36,4,0,1,27,"coding",27,"ENSG00000127914",91940867,92110673,169806,0.000159004982156108
"PDX1",15,4,11,0,1,1,"coding",1,"ENSG00000139515",27920000,27926313,6313,0.000158403294788532
"KLK2",22,21,1,0,1,3,"coding",3,"ENSG00000167751",50861568,50880567,18999,0.000157903047528817
"PLK1",66,41,25,0,1,2,"coding",2,"ENSG00000166851",23677656,23690367,12711,0.000157344032727559
"ATM",38,20,18,0,1,23,"coding",23,"ENSG00000149311",108222484,108369102,146618,0.00015687023421408
"DMPK",30,25,5,0,1,2,"coding",2,"ENSG00000104936",45769717,45782552,12835,0.000155823918971562
"ZNF250",15,12,3,0,1,4,"coding",4,"ENSG00000196150",144876497,144902168,25671,0.000155817848934595
"ING4",8,6,2,0,1,2,"coding",2,"ENSG00000111653",6650301,6663142,12841,0.000155751109726657
"MBD3",265,33,232,0,1,3,"coding",3,"ENSG00000071655",1573596,1592865,19269,0.000155690487311225
"NOTCH1",52,46,6,0,1,8,"coding",8,"ENSG00000148400",136494433,136546048,51615,0.0001549937033808
"PICK1",26,10,16,0,1,3,"coding",3,"ENSG00000100151",38056311,38075701,19390,0.000154718927282104
"CASP2",48,40,8,0,1,3,"coding",3,"ENSG00000106144",143288215,143307696,19481,0.000153996201427031
"F11R",23,18,5,0,1,4,"coding",4,"ENSG00000158769",160995211,161021343,26132,0.000153069034134395
"CYTH2",28,22,6,0,1,2,"coding",2,"ENSG00000105443",48469208,48482314,13106,0.000152601861742713
"PRKAR1A",59,41,18,0,1,6,"coding",6,"ENSG00000108946",68511780,68551319,39539,0.000151748906143302
"MAPK8IP2",32,20,12,0,1,2,"coding",2,"ENSG00000008735",50600793,50613981,13188,0.000151653017895056
"TRAF6",62,26,36,0,1,4,"coding",4,"ENSG00000175104",36483769,36510272,26503,0.000150926310229031
"CDC25C",17,11,6,0,1,8,"coding",8,"ENSG00000158402",138285265,138338355,53090,0.000150687511772462
"PTMA",58,40,18,0,1,1,"coding",1,"ENSG00000187514",231706895,231713541,6646,0.000150466445982546
"POLR2B",24,23,1,0,1,8,"coding",8,"ENSG00000047315",56977722,57031158,53436,0.000149711804775807
"AP2A1",30,22,8,0,1,6,"coding",6,"ENSG00000196961",49766968,49807113,40145,0.000149458213974343
"NR1H2",45,10,35,0,1,8,"coding",8,"ENSG00000131408",50329653,50383387,53734,0.000148881527524472
"IL7R",19,11,8,0,1,4,"coding",4,"ENSG00000168685",35852695,35879603,26908,0.000148654675189535
"EXOC7",24,19,5,0,1,6,"coding",6,"ENSG00000182473",76081016,76121576,40560,0.00014792899408284
"EED",39,35,4,0,1,5,"coding",5,"ENSG00000074266",86244753,86278813,34060,0.000146799765120376
"STX1A",24,15,9,0,1,3,"coding",3,"ENSG00000106089",73699206,73719672,20466,0.000146584579302257
"CFH",10,8,2,0,1,14,"coding",14,"ENSG00000000971",196651878,196747504,95626,0.000146403697739109
"SLC9A3R1",44,24,20,0,1,3,"coding",3,"ENSG00000109062",74748628,74769353,20725,0.00014475271411339
"SRRM1",12,8,4,0,1,6,"coding",6,"ENSG00000133226",24631716,24673281,41565,0.000144352219415374
"DVL1",24,18,6,0,1,2,"coding",2,"ENSG00000107404",1335276,1349418,14142,0.000141422712487626
"LGALS3",19,15,4,0,1,3,"coding",3,"ENSG00000131981",55124110,55145423,21313,0.0001407591610754
"YBX1",37,32,5,0,1,3,"coding",3,"ENSG00000065978",42682418,42703805,21387,0.000140272127928181
"HSPG2",35,28,7,0,1,16,"coding",16,"ENSG00000142798",21822244,21937310,115066,0.000139050631811308
"PRKDC",64,55,9,0,1,26,"coding",26,"ENSG00000253729",47773108,47960183,187075,0.000138981691834826
"MAGEA11",9,6,3,0,1,4,"coding",4,"ENSG00000185247",149688228,149717268,29040,0.000137741046831956
"POLA2",48,38,10,0,1,6,"coding",6,"ENSG00000014138",65261920,65305589,43669,0.00013739723831551
"PIK3CG",23,17,6,0,1,6,"coding",6,"ENSG00000105851",106865278,106908980,43702,0.000137293487712233
"PLG",7,5,2,0,1,7,"coding",7,"ENSG00000122194",160702238,160753315,51077,0.000137047986373515
"DNAJA1",45,38,7,0,1,2,"coding",2,"ENSG00000086061",33025273,33039907,14634,0.000136668033347
"ACTB",128,97,31,0,1,5,"coding",5,"ENSG00000075624",5527148,5563784,36636,0.000136477781417185
"PRKCD",67,43,24,0,1,5,"coding",5,"ENSG00000163932",53156009,53192717,36708,0.0001362100904435
"NTRK1",18,5,13,0,1,9,"coding",9,"ENSG00000198400",156815640,156881850,66210,0.000135931128228364
"ERCC3",18,14,4,0,1,5,"coding",5,"ENSG00000163161",127257290,127294176,36886,0.000135552784254189
"STC2",55,50,5,0,1,2,"coding",2,"ENSG00000113739",173314713,173329503,14790,0.000135226504394861
"GNA11",23,18,5,0,1,4,"coding",4,"ENSG00000088256",3094362,3123999,29637,0.000134966427101259
"SIX1",21,19,2,0,1,2,"coding",2,"ENSG00000126778",60643414,60658259,14845,0.000134725496800269
"PTPN6",65,13,52,0,1,2,"coding",2,"ENSG00000111679",6946468,6961316,14848,0.000134698275862069
"PVR",38,35,3,0,1,3,"coding",3,"ENSG00000073008",44643798,44666162,22364,0.000134144160257557
"RBP1",12,8,4,0,1,3,"coding",3,"ENSG00000114115",139517434,139539829,22395,0.000133958472873409
"PTPRF",37,32,5,0,1,13,"coding",13,"ENSG00000142949",43525187,43623666,98479,0.000132007839234761
"COIL",52,45,7,0,1,3,"coding",3,"ENSG00000121058",56938199,56961050,22851,0.000131285282919785
"KRAS",36,27,9,0,1,6,"coding",6,"ENSG00000133703",25204789,25250936,46147,0.000130019286194119
"RHOA",59,39,20,0,1,7,"coding",7,"ENSG00000067560",49359145,49412998,53853,0.000129983473529794
"NAGK",24,16,8,0,1,2,"coding",2,"ENSG00000124357",71064344,71079808,15464,0.000129332643559234
"DCTN1",19,13,6,0,1,4,"coding",4,"ENSG00000204843",74361154,74392087,30933,0.000129311738273042
"ICAM1",25,22,3,0,1,2,"coding",2,"ENSG00000090339",10271093,10286615,15522,0.000128849375080531
"CDC5L",53,52,1,0,1,8,"coding",8,"ENSG00000096401",44387706,44450425,62719,0.000127553054098439
"TICAM1",15,8,7,0,1,2,"coding",2,"ENSG00000127666",4815932,4831704,15772,0.000126806999746386
"COL2A1",18,11,7,0,1,4,"coding",4,"ENSG00000139219",47972967,48004554,31587,0.000126634374901067
"SPI1",193,18,175,0,1,3,"coding",3,"ENSG00000066336",47354860,47378576,23716,0.000126496879743633
"CD8A",12,6,6,0,1,3,"coding",3,"ENSG00000153563",86784610,86808396,23786,0.000126124611115782
"MAPK8IP3",32,19,13,0,1,8,"coding",8,"ENSG00000138834",1706183,1770317,64134,0.00012473882807871
"C19orf57",7,6,1,0,1,3,"coding",3,"ENSG00000132016",13882348,13906452,24104,0.000124460670428145
"IL12B",4,3,1,0,1,2,"coding",2,"ENSG00000113302",159314783,159330887,16104,0.000124192747143567
"AIP",11,10,1,0,1,1,"coding",1,"ENSG00000110711",67483026,67491103,8077,0.000123808344682432
"MPP3",10,9,1,0,1,4,"coding",4,"ENSG00000161647",43800799,43833170,32371,0.00012356739056563
"HEXDC",6,3,3,0,1,3,"coding",3,"ENSG00000169660",82418318,82442645,24327,0.000123319768158836
"SDC1",21,16,5,0,1,3,"coding",3,"ENSG00000115884",20200797,20225433,24636,0.000121773015099854
"LYST",22,19,3,0,1,27,"coding",27,"ENSG00000143669",235661041,235883640,222599,0.000121294345437311
"TNPO2",31,30,1,0,1,3,"coding",3,"ENSG00000105576",12699194,12724011,24817,0.00012088487730185
"ARF1",41,29,12,0,1,2,"coding",2,"ENSG00000143761",228082660,228099212,16552,0.000120831319478009
"PAX6",29,22,7,0,1,4,"coding",4,"ENSG00000007372",31784779,31817961,33182,0.000120547284672413
"HDAC1",73,56,17,0,1,5,"coding",5,"ENSG00000116478",32292083,32333635,41552,0.000120331151328456
"GRIN2D",26,17,9,0,1,6,"coding",6,"ENSG00000105464",48394875,48444931,50056,0.000119865750359597
"CSE1L",52,50,2,0,1,6,"coding",6,"ENSG00000124207",49046246,49096960,50714,0.000118310525693102
"CD5",17,14,3,0,1,3,"coding",3,"ENSG00000110448",61102489,61127852,25363,0.000118282537554706
"CD4",43,23,20,0,1,4,"coding",4,"ENSG00000010610",6786858,6820799,33941,0.000117851565952683
"NEK2",16,8,8,0,1,2,"coding",2,"ENSG00000117650",211658657,211675630,16973,0.000117834207270371
"IL4R",19,8,11,0,1,6,"coding",6,"ENSG00000077238",27313668,27364778,51110,0.000117393856388182
"RIPK1",22,16,6,0,1,6,"coding",6,"ENSG00000137275",3063991,3115187,51196,0.000117196655988749
"RPS10",16,12,4,0,1,1,"coding",1,"ENSG00000124614",34417454,34426069,8615,0.000116076610562972
"SIN3A",61,54,7,0,1,10,"coding",10,"ENSG00000169375",75369379,75455842,86463,0.000115656407943282
"NUMA1",16,14,2,0,1,9,"coding",9,"ENSG00000137497",72002864,72080693,77829,0.000115638129745982
"COPS3",21,15,6,0,1,4,"coding",4,"ENSG00000141030",17246616,17281273,34657,0.000115416798915082
"TUBB3",15,9,6,0,1,2,"coding",2,"ENSG00000258947",89921392,89938761,17369,0.000115147676895619
"OSGEP",11,3,8,0,1,1,"coding",1,"ENSG00000092094",20446401,20455089,8688,0.000115101289134438
"IL4",4,2,2,0,1,1,"coding",1,"ENSG00000113520",132673986,132682678,8692,0.000115048320294524
"SMARCA5",34,32,2,0,1,5,"coding",5,"ENSG00000153147",143513702,143557486,43784,0.000114196966928558
"ZAP70",35,4,31,0,1,3,"coding",3,"ENSG00000115085",97713560,97739862,26302,0.000114059767318075
"HLA-B",20,14,6,0,1,10,"coding",10,"ENSG00000234745",31269491,31357188,87697,0.000114028986168284
"KRT15",33,29,4,0,1,1,"coding",1,"ENSG00000171346",41513745,41522529,8784,0.00011384335154827
"PTCD3",29,28,1,0,1,4,"coding",4,"ENSG00000132300",86106223,86142157,35934,0.000111315188957533
"NR4A3",25,24,1,0,1,5,"coding",5,"ENSG00000119508",99821855,99866891,45036,0.00011102229327649
"KPNB1",84,67,17,0,1,4,"coding",4,"ENSG00000108424",47649476,47685505,36029,0.000111021676982431
"CAV1",103,68,35,0,1,4,"coding",4,"ENSG00000105974",116525001,116561184,36183,0.000110549152917116
"NUP98",33,27,6,0,1,14,"coding",14,"ENSG00000110713",3671083,3797792,126709,0.000110489389072599
"TRIM23",38,32,6,0,1,4,"coding",4,"ENSG00000113595",65589690,65625975,36285,0.000110238390519498
"DNM1",27,19,8,0,1,7,"coding",7,"ENSG00000106976",128191655,128255248,63593,0.000110075008255626
"GNAZ",8,5,3,0,1,6,"coding",6,"ENSG00000128266",23070519,23125032,54513,0.000110065488965935
"STRN4",28,21,7,0,1,3,"coding",3,"ENSG00000090372",46719511,46746994,27483,0.000109158388822181
"MAP4K2",19,14,5,0,1,2,"coding",2,"ENSG00000168067",64784918,64803241,18323,0.000109152431370409
"MAP1B",87,77,10,0,1,11,"coding",11,"ENSG00000131711",72107234,72209565,102331,0.000107494307687797
"CAPN2",14,8,6,0,1,8,"coding",8,"ENSG00000162909",223701593,223776018,74425,0.000107490762512597
"SOD1",10,9,1,0,1,1,"coding",1,"ENSG00000142168",31659622,31668931,9309,0.000107422924051993
"AXIN1",39,18,21,0,1,7,"coding",7,"ENSG00000103126",287440,352723,65283,0.00010722546451603
"TNFSF14",11,9,2,0,1,1,"coding",1,"ENSG00000125735",6661253,6670588,9335,0.000107123727905731
"HMGA1",78,66,12,0,1,1,"coding",1,"ENSG00000137309",34236873,34246231,9358,0.000106860440265014
"TP53BP2",40,35,5,0,1,7,"coding",7,"ENSG00000143514",223779893,223845954,66061,0.000105962670864807
"PEBP1",31,29,2,0,1,1,"coding",1,"ENSG00000089220",118136124,118145584,9460,0.000105708245243129
"TAF9",27,19,8,0,1,2,"coding",2,"ENSG00000085231",69350984,69370013,19029,0.000105102737926323
"KIAA1377",61,26,35,0,1,9,"coding",9,"ENSG00000110318",101915012,102001058,86046,0.000104595216512098
"NUAK1",46,37,9,0,1,8,"coding",8,"ENSG00000074590",106063340,106140033,76693,0.000104311997183576
"ACVR2A",46,44,2,0,1,9,"coding",9,"ENSG00000121989",147844517,147930826,86309,0.000104276494919417
"GSPT1",61,58,3,0,1,5,"coding",5,"ENSG00000103342",11868128,11916082,47954,0.00010426658881428
"IGFBP3",34,26,8,0,1,1,"coding",1,"ENSG00000146674",45912245,45921874,9629,0.000103852944230969
"FLNB",25,22,3,0,1,17,"coding",17,"ENSG00000136068",58008400,58172251,163851,0.000103752799799818
"TES",46,41,5,0,1,5,"coding",5,"ENSG00000135269",116210506,116258783,48277,0.000103568987302442
"CDC37",50,43,7,0,1,3,"coding",3,"ENSG00000105401",10391133,10420121,28988,0.00010349109976542
"PKN1",24,20,4,0,1,4,"coding",4,"ENSG00000123143",14433053,14471867,38814,0.000103055598495388
"ASH2L",9,6,3,0,1,4,"coding",4,"ENSG00000129691",38105242,38144076,38834,0.000103002523561827
"NCOA6",38,30,8,0,1,14,"coding",14,"ENSG00000198646",34689097,34825651,136554,0.000102523543799523
"PPL",25,22,3,0,1,8,"coding",8,"ENSG00000118898",4882507,4960741,78234,0.000102257330572385
"NMI",16,15,1,0,1,2,"coding",2,"ENSG00000123609",151270465,151290057,19592,0.000102082482645978
"AMOTL2",38,36,2,0,1,2,"coding",2,"ENSG00000114019",134355874,134375479,19605,0.000102014792144861
"RFC1",25,21,4,0,1,8,"coding",8,"ENSG00000035928",39287456,39366375,78919,0.000101369758866686
"ATR",21,14,7,0,1,13,"coding",13,"ENSG00000175054",142449007,142578733,129726,0.000100211214405748
"SPOCK2",12,11,1,0,1,3,"coding",3,"ENSG00000107742",72059034,72089032,29998,0.000100006667111141
"USP8",24,22,2,0,1,9,"coding",9,"ENSG00000138592",50424380,50514421,90041,9.9954465188081e-05
"SATB1",45,39,6,0,1,10,"coding",10,"ENSG00000182568",18345377,18445588,100211,9.97894442725848e-05
"PEA15",12,11,1,0,1,1,"coding",1,"ENSG00000162734",160205337,160215376,10039,9.96115150911445e-05
"SH3GL1",27,19,8,0,1,4,"coding",4,"ENSG00000141985",4360370,4400547,40177,9.95594494362446e-05
"ACTN2",18,12,6,0,1,10,"coding",10,"ENSG00000077522",236664141,236764631,100490,9.95123892924669e-05
"BUB1",40,35,5,0,1,4,"coding",4,"ENSG00000169679",110637528,110678063,40535,9.86801529542371e-05
"H3F3A",13,12,1,0,1,1,"coding",1,"ENSG00000163041",226061851,226072007,10156,9.84639621898385e-05
"BID",44,35,9,0,1,4,"coding",4,"ENSG00000015475",17734138,17774770,40632,9.84445757038787e-05
"IKBKB",44,34,10,0,1,6,"coding",6,"ENSG00000104365",42271302,42332653,61351,9.77979169043699e-05
"SRF",189,34,155,0,1,1,"coding",1,"ENSG00000112658",43171269,43181506,10237,9.76848686138517e-05
"BCL2A1",6,4,2,0,1,1,"coding",1,"ENSG00000140379",79960892,79971196,10304,9.70496894409938e-05
"CDC34",21,19,2,0,1,1,"coding",1,"ENSG00000099804",531760,542092,10332,9.67866821525358e-05
"KIT",61,31,30,0,1,8,"coding",8,"ENSG00000157404",54657918,54740715,82797,9.66218582798894e-05
"TSC22D1",46,41,5,0,1,14,"coding",14,"ENSG00000102804",44432143,44577147,145004,9.65490607155665e-05
"NR1H3",35,11,24,0,1,2,"coding",2,"ENSG00000025434",47248300,47269033,20733,9.64645733854242e-05
"CREBBP",267,94,173,0,1,15,"coding",15,"ENSG00000005339",3725054,3880726,155672,9.63564417493191e-05
"LRSAM1",16,10,6,0,1,5,"coding",5,"ENSG00000148356",127451486,127503501,52015,9.61261174661155e-05
"MACF1",30,27,3,0,1,39,"coding",39,"ENSG00000127603",39081316,39487177,405861,9.60920117971424e-05
"IL18",8,5,3,0,1,2,"coding",2,"ENSG00000150782",112143253,112164096,20843,9.59554766588303e-05
"PPP1R8",21,15,6,0,1,2,"coding",2,"ENSG00000117751",27830782,27851676,20894,9.57212596917775e-05
"BIRC2",29,15,14,0,1,3,"coding",3,"ENSG00000110330",102347211,102378670,31459,9.53622174894307e-05
"TRIM27",31,27,4,0,1,2,"coding",2,"ENSG00000204713",28903002,28923988,20986,9.53016296578671e-05
"PIAS4",47,42,5,0,1,3,"coding",3,"ENSG00000105229",4007736,4039386,31650,9.47867298578199e-05
"PPP2CA",83,70,13,0,1,3,"coding",3,"ENSG00000113575",134194332,134226073,31741,9.4514980624429e-05
"XRCC6",62,42,20,0,1,4,"coding",4,"ENSG00000196419",41621119,41664048,42929,9.31771063849612e-05
"SMARCA4",46,28,18,0,1,11,"coding",11,"ENSG00000127616",10960825,11079426,118601,9.2747953221305e-05
"SUMO1",68,61,7,0,1,3,"coding",3,"ENSG00000116030",202206180,202238608,32428,9.25126433945973e-05
"TCF3",241,26,215,0,1,4,"coding",4,"ENSG00000071564",1609290,1652615,43325,9.23254472013849e-05
"CDKN1A",120,101,19,0,1,1,"coding",1,"ENSG00000124762",36676460,36687339,10879,9.19202132548948e-05
"SGSM2",28,21,7,0,1,4,"coding",4,"ENSG00000141258",2337498,2381058,43560,9.18273645546373e-05
"E2F6",249,28,221,0,1,2,"coding",2,"ENSG00000169016",11444375,11466177,21802,9.1734703238235e-05
"GNAI2",62,55,7,0,1,3,"coding",3,"ENSG00000114353",50226292,50259362,33070,9.07166616268521e-05
"ZBTB43",33,31,2,0,1,3,"coding",3,"ENSG00000169155",126805006,126838210,33204,9.03505601734731e-05
"LRP12",37,33,4,0,1,9,"coding",9,"ENSG00000147650",104489231,104589024,99793,9.01866864409327e-05
"JAK1",72,41,31,0,1,12,"coding",12,"ENSG00000162434",64833229,64966549,133320,9.000900090009e-05
"RCC1",40,32,8,0,1,3,"coding",3,"ENSG00000180198",28505943,28539300,33357,8.99361453368109e-05
"FBLN2",22,17,5,0,1,8,"coding",8,"ENSG00000163520",13549125,13638422,89297,8.95886759913547e-05
"XPA",11,8,3,0,1,2,"coding",2,"ENSG00000136936",97674909,97697357,22448,8.90947968638632e-05
"SLC35E1",14,12,2,0,1,2,"coding",2,"ENSG00000127526",16549831,16572415,22584,8.85582713425434e-05
"SAFB",25,19,6,0,1,4,"coding",4,"ENSG00000160633",5623035,5668478,45443,8.80223576788504e-05
"YWHAB",114,81,33,0,1,2,"coding",2,"ENSG00000166913",44885702,44908532,22830,8.76040297853701e-05
"PLEKHF2",39,37,2,0,1,2,"coding",2,"ENSG00000175895",95133785,95156685,22900,8.73362445414847e-05
"NUDT21",41,31,10,0,1,2,"coding",2,"ENSG00000167005",56429133,56452199,23066,8.67077083152692e-05
"SDC4",24,19,5,0,1,2,"coding",2,"ENSG00000124145",45325288,45348424,23136,8.64453665283541e-05
"RPA2",27,19,8,0,1,2,"coding",2,"ENSG00000117748",27891524,27914746,23222,8.61252260787185e-05
"DPP4",17,9,8,0,1,7,"coding",7,"ENSG00000197635",161992245,162074215,81970,8.5397096498719e-05
"MED1",46,40,6,0,1,4,"coding",4,"ENSG00000125686",39404285,39451272,46987,8.51299295549833e-05
"ARHGEF12",43,37,6,0,1,13,"coding",13,"ENSG00000196914",120336413,120489937,153524,8.46773142961361e-05
"IFNAR1",38,30,8,0,1,3,"coding",3,"ENSG00000142166",33324429,33359864,35435,8.46620572879921e-05
"RINT1",12,9,3,0,1,3,"coding",3,"ENSG00000135249",105532169,105567677,35508,8.44880027036161e-05
"SMARCE1",22,15,7,0,1,2,"coding",2,"ENSG00000073584",40624962,40648654,23692,8.44166807361135e-05
"THRA",80,69,11,0,1,3,"coding",3,"ENSG00000126351",40058290,40093867,35577,8.43241420018551e-05
"CASP9",37,27,10,0,1,3,"coding",3,"ENSG00000132906",15490832,15526534,35702,8.40289059436446e-05
"TICAM2",12,6,6,0,1,2,"coding",2,"ENSG00000243414",115578650,115602479,23829,8.39313441604767e-05
"SYN1",10,7,3,0,1,4,"coding",4,"ENSG00000008056",47571901,47619857,47956,8.34097923096172e-05
"ACTN4",43,34,9,0,1,7,"coding",7,"ENSG00000130402",38647649,38731589,83940,8.33928996902549e-05
"ERBB2IP",34,32,2,0,1,13,"coding",13,"ENSG00000112851",65926475,66082549,156074,8.32938221612825e-05
"BUB1B",11,9,2,0,1,5,"coding",5,"ENSG00000156970",40161023,40221136,60113,8.31766839119658e-05
"WT1",22,18,4,0,1,4,"coding",4,"ENSG00000184937",32387775,32435885,48110,8.31427977551445e-05
"USP7",41,37,4,0,1,6,"coding",6,"ENSG00000187555",8892097,8964514,72417,8.2853473631882e-05
"VAV1",47,31,16,0,1,7,"coding",7,"ENSG00000141968",6772708,6857366,84658,8.26856292376385e-05
"UPF1",20,14,6,0,1,3,"coding",3,"ENSG00000005007",18831938,18868236,36298,8.26491817731005e-05
"NR4A1",41,12,29,0,1,3,"coding",3,"ENSG00000123358",52022832,52059507,36675,8.1799591002045e-05
"PLAUR",17,7,10,0,1,2,"coding",2,"ENSG00000011422",43646095,43670547,24452,8.17929003762473e-05
"ABCA1",48,40,8,0,1,12,"coding",12,"ENSG00000165029",104781006,104928155,147149,8.15499935439588e-05
"YWHAZ",197,134,63,0,1,3,"coding",3,"ENSG00000164924",100916523,100953388,36865,8.137800081378e-05
"PABPC1",68,57,11,0,1,3,"coding",3,"ENSG00000070756",100685816,100722809,36993,8.10964236477171e-05
"ETF1",21,20,1,0,1,3,"coding",3,"ENSG00000120705",138506095,138543236,37141,8.07732694327024e-05
"TGFBR1",128,77,51,0,1,4,"coding",4,"ENSG00000106799",99104038,99154192,50154,7.97543565817283e-05
"STX6",45,40,5,0,1,4,"coding",4,"ENSG00000135823",180972712,181023121,50409,7.93509095598008e-05
"MET",69,45,24,0,1,10,"coding",10,"ENSG00000105976",116672196,116798386,126190,7.92455820588002e-05
"CAMK1",5,2,3,0,1,1,"coding",1,"ENSG00000134072",9757347,9769992,12645,7.90826413602214e-05
"PTPN12",42,39,3,0,1,8,"coding",8,"ENSG00000127947",77537295,77640069,102774,7.78406990094771e-05
"RB1",145,121,24,0,1,23,"coding",23,"ENSG00000139687",48303726,48599436,295710,7.77789050082851e-05
"XRN1",51,45,6,0,1,11,"coding",11,"ENSG00000114127",142306607,142448062,141455,7.77632462620621e-05
"CLTC",93,78,15,0,1,6,"coding",6,"ENSG00000141367",59619689,59696956,77267,7.76528142674104e-05
"FIGF",5,3,2,0,1,3,"coding",3,"ENSG00000165197",15345596,15384413,38817,7.72857253265322e-05
"MINK1",53,48,5,0,1,5,"coding",5,"ENSG00000141503",4833340,4898061,64721,7.7254677770739e-05
"BLK",6,3,3,0,1,6,"coding",6,"ENSG00000136573",11486894,11564599,77705,7.72151084228814e-05
"IMMT",37,21,16,0,1,4,"coding",4,"ENSG00000132305",86143932,86195770,51838,7.71634708129172e-05
"SEPT2",4,1,3,0,1,3,"coding",3,"ENSG00000168385",241315100,241354027,38927,7.7067331158322e-05
"ITGAV",41,31,10,0,1,7,"coding",7,"ENSG00000138448",186590056,186680901,90845,7.7054323297925e-05
"RPS6KA3",95,84,11,0,1,9,"coding",9,"ENSG00000177189",20149911,20267519,117608,7.65254064349364e-05
"TGFBRAP1",16,13,3,0,1,5,"coding",5,"ENSG00000135966",105264391,105329735,65344,7.65181194906954e-05
"TK1",123,89,34,0,1,1,"coding",1,"ENSG00000167900",78174091,78187233,13142,7.60919190381981e-05
"COL4A1",34,28,6,0,1,12,"coding",12,"ENSG00000187498",110148963,110307157,158194,7.5856227164115e-05
"AKT1",83,50,33,0,1,2,"coding",2,"ENSG00000142208",104769349,104795751,26402,7.57518369820468e-05
"SPOP",28,26,2,0,1,6,"coding",6,"ENSG00000121067",49598884,49678163,79279,7.56820847891623e-05
"ZNF512B",50,40,10,0,1,1,"coding",1,"ENSG00000196700",63956704,63969930,13226,7.56086496295176e-05
"GRK6",28,23,5,0,1,3,"coding",3,"ENSG00000198055",177403204,177442901,39697,7.55724613950676e-05
"PRPF40A",74,55,19,0,1,5,"coding",5,"ENSG00000196504",152651593,152717997,66404,7.5296668875369e-05
"WASF1",26,22,4,0,1,6,"coding",6,"ENSG00000112290",110099819,110180004,80185,7.48269626488745e-05
"TRAF1",65,45,20,0,1,2,"coding",2,"ENSG00000056558",120902393,120929173,26780,7.46825989544436e-05
"DNMBP",22,18,4,0,1,10,"coding",10,"ENSG00000107554",99875577,100009947,134370,7.44213738185607e-05
"STAT4",14,4,10,0,1,9,"coding",9,"ENSG00000138378",191029576,191151596,122020,7.37584002622521e-05
"ITGA4",21,16,5,0,1,6,"coding",6,"ENSG00000115232",181457202,181538940,81738,7.34052704984218e-05
"IRS1",82,63,19,0,1,5,"coding",5,"ENSG00000169047",226731317,226799759,68442,7.30545571432746e-05
"GATA2",195,22,173,0,1,1,"coding",1,"ENSG00000179348",128479427,128493185,13758,7.26849832824538e-05
"PTPN13",26,21,5,0,1,16,"coding",16,"ENSG00000163629",86594315,86815171,220856,7.24453942840584e-05
"BRD7",37,33,4,0,1,4,"coding",4,"ENSG00000166164",50313487,50368934,55447,7.21409634425668e-05
"PRKCQ",19,8,11,0,1,11,"coding",11,"ENSG00000065675",6427143,6580301,153158,7.18212564802361e-05
"PKD2",28,26,2,0,1,5,"coding",5,"ENSG00000118762",88007635,88077777,70142,7.12839668101851e-05
"ITK",20,17,3,0,1,8,"coding",8,"ENSG00000113263",157142933,157255191,112258,7.12644087726487e-05
"HTRA1",17,11,6,0,1,4,"coding",4,"ENSG00000166033",122458551,122514907,56356,7.09773582227269e-05
"MDM2",123,111,12,0,1,3,"coding",3,"ENSG00000135679",68808177,68850686,42509,7.0573290362041e-05
"CDK7",14,12,2,0,1,3,"coding",3,"ENSG00000134058",69234795,69277430,42635,7.0364723818459e-05
"C8orf33",41,34,7,0,1,1,"coding",1,"ENSG00000182307",145052465,145066685,14220,7.0323488045007e-05
"CBLB",44,34,10,0,1,15,"coding",15,"ENSG00000114423",105655461,105869552,214091,7.00636645164906e-05
"SOS2",22,18,4,0,1,8,"coding",8,"ENSG00000100485",50117130,50231578,114448,6.9900740947854e-05
"HTT",68,52,16,0,1,14,"coding",14,"ENSG00000197386",3041422,3243960,202538,6.91228312711689e-05
"IL1RAP",35,27,8,0,1,10,"coding",10,"ENSG00000196083",190514051,190659750,145699,6.86346508898483e-05
"CSNK1A1",93,82,11,0,1,4,"coding",4,"ENSG00000113712",149492982,149551471,58489,6.83889278325839e-05
"NFIL3",23,21,2,0,1,1,"coding",1,"ENSG00000165030",91409045,91423832,14787,6.76269696354906e-05
"PTPRC",38,20,18,0,1,8,"coding",8,"ENSG00000081237",198638457,198757476,119019,6.7216158764567e-05
"C6",7,6,1,0,1,8,"coding",8,"ENSG00000039537",41142234,41261438,119204,6.71118418845005e-05
"TEK",18,8,10,0,1,8,"coding",8,"ENSG00000120156",27109141,27230174,121033,6.60976758404733e-05
"PHC2",26,21,5,0,1,7,"coding",7,"ENSG00000134686",33323623,33431052,107429,6.51593145240112e-05
"PIK3R3",47,41,6,0,1,6,"coding",6,"ENSG00000117461",46040140,46133036,92896,6.45883568722012e-05
"TRPC3",21,14,7,0,1,5,"coding",5,"ENSG00000138741",121874481,121952060,77579,6.44504311733845e-05
"CD8B",2,1,1,0,1,3,"coding",3,"ENSG00000172116",86815339,86861924,46585,6.43984115058495e-05
"YEATS4",11,10,1,0,1,2,"coding",2,"ENSG00000127337",69359710,69390870,31160,6.41848523748395e-05
"SPTBN4",27,20,7,0,1,7,"coding",7,"ENSG00000160460",40466241,40576464,110223,6.3507616377707e-05
"EIF3F",20,16,4,0,1,2,"coding",2,"ENSG00000175390",7970251,8001862,31611,6.32691151814242e-05
"RNF19A",31,23,8,0,1,5,"coding",5,"ENSG00000034677",100257060,100336218,79158,6.31648096212638e-05
"HDAC3",39,29,10,0,1,1,"coding",1,"ENSG00000171720",141620876,141636849,15973,6.2605647029362e-05
"TRAF5",27,20,7,0,1,3,"coding",3,"ENSG00000082512",211326615,211374946,48331,6.20719620947218e-05
"CD28",25,12,13,0,1,2,"coding",2,"ENSG00000178562",203706475,203738912,32437,6.16579831673706e-05
"UBR1",35,22,13,0,1,10,"coding",10,"ENSG00000159459",42942897,43106113,163216,6.12685030879326e-05
"IL2RB",18,6,12,0,1,3,"coding",3,"ENSG00000100385",37125843,37175054,49211,6.09619800451119e-05
"ECH1",12,7,5,0,1,1,"coding",1,"ENSG00000104823",38815422,38831841,16419,6.09050490285645e-05
"DNM2",48,31,17,0,1,7,"coding",7,"ENSG00000079805",10718079,10833488,115409,6.06538484866865e-05
"CD48",13,8,5,0,1,2,"coding",2,"ENSG00000117091",160678746,160711831,33085,6.04503551458365e-05
"INSR",75,42,33,0,1,11,"coding",11,"ENSG00000171105",7112255,7294414,182159,6.03868049341509e-05
"RBL1",68,63,5,0,1,6,"coding",6,"ENSG00000080839",36996349,37095995,99646,6.02131545671678e-05
"LUC7L2",45,36,9,0,1,5,"coding",5,"ENSG00000146963",139340359,139423457,83098,6.01699198536668e-05
"ARNT",40,20,20,0,1,4,"coding",4,"ENSG00000143437",150809713,150876708,66995,5.97059482050899e-05
"WASL",69,58,11,0,1,4,"coding",4,"ENSG00000106299",123681943,123749003,67060,5.96480763495377e-05
"APPL1",36,29,7,0,1,3,"coding",3,"ENSG00000157500",57227726,57278105,50379,5.95486214494134e-05
"PGR",160,32,128,0,1,6,"coding",6,"ENSG00000082175",101029624,101130524,100900,5.94648166501487e-05
"MAP2K2",19,12,7,0,1,2,"coding",2,"ENSG00000126934",4090321,4124129,33808,5.91575958353053e-05
"CAPRIN1",44,43,1,0,1,3,"coding",3,"ENSG00000135387",34051731,34102610,50879,5.89634230232512e-05
"RGS3",16,12,4,0,1,9,"coding",9,"ENSG00000138835",113444731,113597743,153012,5.88189161634382e-05
"LSM4",20,14,6,0,1,1,"coding",1,"ENSG00000130520",18306230,18323274,17044,5.8671673316123e-05
"DLG1",56,18,38,0,1,15,"coding",15,"ENSG00000075711",197042560,197299330,256770,5.84180394905947e-05
"POLR3F",23,20,3,0,1,1,"coding",1,"ENSG00000132664",18467389,18484646,17257,5.79474995653938e-05
"LCK",74,36,38,0,1,2,"coding",2,"ENSG00000182866",32251239,32286165,34926,5.72639294508389e-05
"APTX",19,16,3,0,1,3,"coding",3,"ENSG00000137074",32972606,33025168,52562,5.70754537498573e-05
"ACTN1",49,37,12,0,1,6,"coding",6,"ENSG00000072110",68874143,68979440,105297,5.69816803897547e-05
"UPF2",29,18,11,0,1,7,"coding",7,"ENSG00000151461",11920022,12043170,123148,5.68421736447202e-05
"NR1D2",31,29,2,0,1,2,"coding",2,"ENSG00000174738",23945286,23980617,35331,5.66075118168181e-05
"CAMK2A",36,28,8,0,1,4,"coding",4,"ENSG00000070808",150219491,150290291,70800,5.64971751412429e-05
"CALCOCO2",37,30,7,0,1,2,"coding",2,"ENSG00000136436",48830988,48866522,35534,5.62841222491135e-05
"WDYHV1",16,8,8,0,1,3,"coding",3,"ENSG00000156795",123416725,123470028,53303,5.62820103934113e-05
"MAP3K5",42,26,16,0,1,13,"coding",13,"ENSG00000197442",136557046,136792477,235431,5.52178770000552e-05
"UBE2I",80,67,13,0,1,1,"coding",1,"ENSG00000103275",1308880,1327018,18138,5.51328702172235e-05
"ANXA11",30,27,3,0,1,3,"coding",3,"ENSG00000122359",80150889,80205572,54683,5.48616571877915e-05
"DVL3",47,43,4,0,1,1,"coding",1,"ENSG00000161202",184155377,184173614,18237,5.48335800844437e-05
"KIAA1279",29,25,4,0,1,3,"coding",3,"ENSG00000198954",68988721,69043544,54823,5.47215584699852e-05
"MAP3K7",61,52,9,0,1,4,"coding",4,"ENSG00000135341",90513573,90587072,73499,5.44225091497844e-05
"GIPC1",29,20,9,0,1,1,"coding",1,"ENSG00000123159",14477760,14496149,18389,5.43803360704769e-05
"ARHGEF11",14,9,5,0,1,6,"coding",6,"ENSG00000132694",156934840,157045370,110530,5.42839048222202e-05
"RPP14",25,23,2,0,1,1,"coding",1,"ENSG00000163684",58306247,58324695,18448,5.42064180398959e-05
"TRIM24",44,34,10,0,1,7,"coding",7,"ENSG00000122779",138460259,138589996,129737,5.39553095878585e-05
"NOS1",18,11,7,0,1,13,"coding",13,"ENSG00000089250",117208142,117452170,244028,5.32725752782468e-05
"RAD51",88,81,7,0,1,2,"coding",2,"ENSG00000051180",40694774,40732340,37566,5.32396315817495e-05
"TSNAX",20,18,2,0,1,2,"coding",2,"ENSG00000116918",231528541,231566524,37983,5.26551351920596e-05
"RNF2",30,26,4,0,1,3,"coding",3,"ENSG00000121481",185045526,185102603,57077,5.25605760639137e-05
"CTTN",24,20,4,0,1,2,"coding",2,"ENSG00000085733",70398404,70436584,38180,5.23834468308015e-05
"TOP1",29,27,2,0,1,5,"coding",5,"ENSG00000198900",41028822,41124487,95665,5.22657189149637e-05
"APLP2",21,20,1,0,1,4,"coding",4,"ENSG00000084234",130068147,130144811,76664,5.21757278514035e-05
"MAPK6",126,86,40,0,1,6,"coding",6,"ENSG00000069956",51952106,52067375,115269,5.20521562605731e-05
"EIF2AK2",62,46,16,0,1,3,"coding",3,"ENSG00000055332",37099210,37157065,57855,5.18537723619393e-05
"SYK",67,24,43,0,1,5,"coding",5,"ENSG00000165025",90801787,90898549,96762,5.167317748703e-05
"PTPN18",4,3,1,0,1,1,"coding",1,"ENSG00000072135",130356045,130375405,19360,5.16528925619835e-05
"WWP1",33,29,4,0,1,7,"coding",7,"ENSG00000123124",86342738,86478420,135682,5.15912206482805e-05
"SHBG",12,4,8,0,1,1,"coding",1,"ENSG00000129214",7613946,7633382,19436,5.14509158263017e-05
"ANXA7",82,61,21,0,1,2,"coding",2,"ENSG00000138279",73375101,73414076,38975,5.13149454778704e-05
"RFC5",17,13,4,0,1,1,"coding",1,"ENSG00000111445",118013588,118033130,19542,5.11718350220039e-05
"C5",5,3,2,0,1,5,"coding",5,"ENSG00000106804",120952335,121050276,97941,5.10511430350926e-05
"HSP90AA1",99,70,29,0,1,3,"coding",3,"ENSG00000080824",102080738,102139699,58961,5.08810908905887e-05
"ATP5C1",24,21,3,0,1,1,"coding",1,"ENSG00000165629",7788147,7807815,19668,5.08440105755542e-05
"NGFR",51,31,20,0,1,1,"coding",1,"ENSG00000064300",49495293,49515008,19715,5.07227998985544e-05
"PPP2R1A",31,27,4,0,1,2,"coding",2,"ENSG00000105568",52190048,52229518,39470,5.06713959969597e-05
"DIABLO",22,18,4,0,1,1,"coding",1,"ENSG00000184047",122207668,122227456,19788,5.05356781888013e-05
"PKNOX1",31,28,3,0,1,3,"coding",3,"ENSG00000160199",42974510,43033931,59421,5.04872014944212e-05
"PPP2CB",22,21,1,0,1,2,"coding",2,"ENSG00000104695",30774457,30814314,39857,5.01793913239832e-05
"SMURF2",71,48,23,0,1,6,"coding",6,"ENSG00000108854",64542282,64662307,120025,4.99895855030202e-05
"MEIS1",46,36,10,0,1,7,"coding",7,"ENSG00000143995",66433452,66573869,140417,4.98515137056054e-05
"TNPO1",79,74,5,0,1,5,"coding",5,"ENSG00000083312",72816312,72916733,100421,4.97903824897183e-05
"RAF1",73,45,28,0,1,4,"coding",4,"ENSG00000132155",12583601,12664226,80625,4.96124031007752e-05
"GTF2E1",20,19,1,0,1,2,"coding",2,"ENSG00000153767",120742637,120783069,40432,4.94657696873763e-05
"DLG3",38,20,18,0,1,3,"coding",3,"ENSG00000082458",70444835,70505490,60655,4.94600610007419e-05
"MEST",9,6,3,0,1,1,"coding",1,"ENSG00000106484",130486171,130506465,20294,4.92756479747709e-05
"WRN",20,17,3,0,1,7,"coding",7,"ENSG00000165392",31033788,31175916,142128,4.92513790386131e-05
"JAK2",67,29,38,0,1,7,"coding",7,"ENSG00000096968",4984390,5128183,143793,4.86810901782423e-05
"AFF1",65,55,10,0,1,10,"coding",10,"ENSG00000172493",86935002,87141054,206052,4.85314386659678e-05
"ROCK1",44,39,5,0,1,8,"coding",8,"ENSG00000067900",20946906,21111813,164907,4.85121917201817e-05
"NPHP1",14,10,4,0,1,4,"coding",4,"ENSG00000144061",110122311,110205066,82755,4.83354480091837e-05
"CRMP1",47,22,25,0,1,7,"coding",7,"ENSG00000072832",5748084,5893058,144974,4.82845199828935e-05
"VCL",120,84,36,0,1,6,"coding",6,"ENSG00000035403",73995193,74121363,126170,4.75548862645637e-05
"ITGB1",79,48,31,0,1,5,"coding",5,"ENSG00000150093",32900318,33005792,105474,4.7405047689478e-05
"MAP2K1",49,35,14,0,1,5,"coding",5,"ENSG00000169032",66386817,66492312,105495,4.7395611166406e-05
"FLI1",249,29,220,0,1,6,"coding",6,"ENSG00000151702",128686535,128813267,126732,4.7344001515008e-05
"PTK2B",49,23,26,0,1,7,"coding",7,"ENSG00000120899",27311482,27459391,147909,4.73263966357693e-05
"SCARB1",18,14,4,0,1,5,"coding",5,"ENSG00000073060",124776856,124882668,105812,4.72536196272634e-05
"DCN",25,15,10,0,1,2,"coding",2,"ENSG00000011465",91140484,91182824,42340,4.72366556447803e-05
"FEZ1",26,9,17,0,1,7,"coding",7,"ENSG00000149557",125442881,125592568,149687,4.67642480642942e-05
"COG4",3,2,1,0,1,2,"coding",2,"ENSG00000103051",70480568,70523558,42990,4.65224470807164e-05
"XRN2",18,12,6,0,1,4,"coding",4,"ENSG00000088930",21303331,21389825,86494,4.62459823802807e-05
"HIPK2",38,32,6,0,1,10,"coding",10,"ENSG00000064393",139561570,139777998,216428,4.62047424547656e-05
"ABL1",91,51,40,0,1,8,"coding",8,"ENSG00000097007",130713946,130887675,173729,4.60487310696545e-05
"ABL2",51,48,3,0,1,6,"coding",6,"ENSG00000143322",179099330,179229684,130354,4.60285069886616e-05
"MESDC2",22,19,3,0,1,2,"coding",2,"ENSG00000117899",80946289,80989828,43539,4.59358276487747e-05
"CTNNB1",101,77,24,0,1,3,"coding",3,"ENSG00000168036",41194741,41260096,65355,4.5903144365389e-05
"CASP3",127,71,56,0,1,1,"coding",1,"ENSG00000164305",184627696,184649509,21813,4.58442213359006e-05
"SMARCC1",40,27,13,0,1,9,"coding",9,"ENSG00000173473",47585269,47782106,196837,4.57231110004725e-05
"TGFBR2",107,91,16,0,1,4,"coding",4,"ENSG00000163513",30606502,30694142,87640,4.56412596987677e-05
"IL16",20,14,6,0,1,7,"coding",7,"ENSG00000172349",81159575,81314058,154483,4.53124291993294e-05
"GBP2",13,6,7,0,1,2,"coding",2,"ENSG00000162645",89106132,89150456,44324,4.51222813825467e-05
"GTF2H1",29,22,7,0,1,2,"coding",2,"ENSG00000110768",18322295,18367045,44750,4.46927374301676e-05
"LYN",117,71,46,0,1,6,"coding",6,"ENSG00000254087",55879835,56014169,134334,4.46647907454554e-05
"MPHOSPH6",18,13,5,0,1,1,"coding",1,"ENSG00000135698",82147798,82170224,22426,4.45910996165165e-05
"TXK",19,16,3,0,1,3,"coding",3,"ENSG00000074966",48066393,48134250,67857,4.42106193907777e-05
"DPPA2",7,4,3,0,1,1,"coding",1,"ENSG00000163530",109293788,109316517,22729,4.39966562541247e-05
"PLA2G4A",33,23,10,0,1,7,"coding",7,"ENSG00000116711",186828949,186988981,160032,4.37412517496501e-05
"FGFR1",49,40,9,0,1,3,"coding",3,"ENSG00000077782",38400215,38468834,68619,4.37196694792987e-05
"ATF7IP",81,58,23,0,1,6,"coding",6,"ENSG00000171681",14365632,14502935,137303,4.36989723458337e-05
"SIAH1",29,26,3,0,1,4,"coding",4,"ENSG00000196470",48356364,48448402,92038,4.34603098720094e-05
"COL4A2",36,30,6,0,1,9,"coding",9,"ENSG00000134871",110305812,110513209,207397,4.33950346437027e-05
"SNRNP70",22,18,4,0,1,1,"coding",1,"ENSG00000104852",49085419,49108605,23186,4.31294746829984e-05
"NFKB1",125,33,92,0,1,5,"coding",5,"ENSG00000109320",102501331,102617302,115971,4.31142268325702e-05
"CASP10",27,25,2,0,1,2,"coding",2,"ENSG00000003400",201182881,201229406,46525,4.29876410531972e-05
"CD44",28,13,15,0,1,4,"coding",4,"ENSG00000026508",35138870,35232402,93532,4.2766112132746e-05
"IGFBP5",52,45,7,0,1,1,"coding",1,"ENSG00000115461",216672105,216695549,23444,4.26548370585224e-05
"KHDRBS1",39,34,5,0,1,2,"coding",2,"ENSG00000121774",32013868,32060850,46982,4.25694947000979e-05
"ITPR1",45,34,11,0,1,15,"coding",15,"ENSG00000150995",4493345,4847840,354495,4.23137138746668e-05
"CSNK2A1",138,109,29,0,1,3,"coding",3,"ENSG00000101266",472498,543835,71337,4.20539131166155e-05
"GRIN2A",56,49,7,0,1,18,"coding",18,"ENSG00000183454",9753404,10182754,429350,4.19238383603121e-05
"ARHGEF7",24,16,8,0,1,8,"coding",8,"ENSG00000102606",111114559,111305737,191178,4.18458190796012e-05
"BMPR2",84,70,14,0,1,8,"coding",8,"ENSG00000204217",202376180,202567751,191571,4.17599741088161e-05
"UBQLN1",38,29,9,0,1,2,"coding",2,"ENSG00000135018",83659968,83707958,47990,4.16753490310481e-05
"HN1L",19,18,1,0,1,1,"coding",1,"ENSG00000206053",1678256,1702280,24024,4.16250416250416e-05
"ZNF83",25,17,8,0,1,4,"coding",4,"ENSG00000167766",52594060,52690496,96436,4.14782861172176e-05
"FOSL2",130,65,65,0,1,1,"coding",1,"ENSG00000075426",28392448,28417317,24869,4.02107040894286e-05
"MYLK",65,60,5,0,1,11,"coding",11,"ENSG00000065534",123610049,123884331,274282,4.01047097512779e-05
"COL4A3",31,23,8,0,1,6,"coding",6,"ENSG00000169031",227164565,227314792,150227,3.99395581353552e-05
"HIPK3",76,70,6,0,1,4,"coding",4,"ENSG00000110422",33256672,33357023,100351,3.98600910803081e-05
"ANK3",20,18,2,0,1,28,"coding",28,"ENSG00000151150",60026298,60733490,707192,3.95932080679646e-05
"STK11",37,32,5,0,1,2,"coding",2,"ENSG00000118046",1177558,1228435,50877,3.93104939363563e-05
"ADORA1",6,3,3,0,1,3,"coding",3,"ENSG00000163485",203090654,203167405,76751,3.90874386001485e-05
"EZH2",291,33,258,0,1,3,"coding",3,"ENSG00000106462",148807383,148884321,76938,3.89924354675193e-05
"ITSN1",52,43,9,0,1,10,"coding",10,"ENSG00000205726",33642400,33899861,257461,3.88408341457541e-05
"CASP7",28,21,7,0,1,2,"coding",2,"ENSG00000165806",113679162,113730907,51745,3.86510773987825e-05
"GABBR1",15,13,2,0,1,3,"coding",3,"ENSG00000204681",29555629,29633976,78347,3.82911917495246e-05
"TGFB1",35,23,12,0,1,2,"coding",2,"ENSG00000105329",41301587,41353911,52324,3.82233774176286e-05
"NR5A1",13,7,6,0,1,1,"coding",1,"ENSG00000136931",124481236,124507420,26184,3.81912618392912e-05
"PLD1",27,23,4,0,1,8,"coding",8,"ENSG00000075651",171600404,171810950,210546,3.79964473321744e-05
"UBE3A",55,49,6,0,1,4,"coding",4,"ENSG00000114062",25333728,25439051,105323,3.79784092743275e-05
"CHM",10,9,1,0,1,7,"coding",7,"ENSG00000188419",85861180,86047561,186381,3.75574763522033e-05
"GTF2E2",22,18,4,0,1,3,"coding",3,"ENSG00000197265",30578318,30658236,79918,3.75384769388623e-05
"AR",557,71,486,0,1,7,"coding",7,"ENSG00000169083",67544021,67730619,186598,3.75137997191824e-05
"PPM1A",63,56,7,0,1,2,"coding",2,"ENSG00000100614",60245752,60299087,53335,3.74988281616199e-05
"AP3B1",38,33,5,0,1,11,"coding",11,"ENSG00000132842",78000525,78294755,294230,3.73857186554736e-05
"RGS20",3,2,1,0,1,4,"coding",4,"ENSG00000147509",53851795,53959303,107508,3.72065334672769e-05
"CBL",110,76,34,0,1,4,"coding",4,"ENSG00000110395",119206276,119313926,107650,3.71574547143521e-05
"CCNK",25,17,8,0,1,2,"coding",2,"ENSG00000090061",99481169,99535044,53875,3.7122969837587e-05
"SNAP23",36,29,7,0,1,2,"coding",2,"ENSG00000092531",42491233,42545356,54123,3.69528666186279e-05
"CCDC90B",16,13,3,0,1,1,"coding",1,"ENSG00000137500",83259097,83286407,27310,3.66166239472721e-05
"ENAH",52,43,9,0,1,6,"coding",6,"ENSG00000154380",225486835,225653142,166307,3.60778560132767e-05
"DLGAP4",23,20,3,0,1,8,"coding",8,"ENSG00000080845",36306336,36528637,222301,3.59872425225258e-05
"RANBP10",10,8,2,0,1,3,"coding",3,"ENSG00000141084",67723070,67806652,83582,3.5892895599531e-05
"CACHD1",17,15,2,0,1,8,"coding",8,"ENSG00000158966",64470129,64693058,222929,3.58858650063473e-05
"PLCG2",74,53,21,0,1,8,"coding",8,"ENSG00000197943",81739097,81962685,223588,3.57800955328551e-05
"SMAD5",67,57,10,0,1,2,"coding",2,"ENSG00000113658",136132845,136188747,55902,3.57768952810275e-05
"SKP1",49,42,7,0,1,1,"coding",1,"ENSG00000113558",134148935,134177038,28103,3.55833896737003e-05
"TUBA4A",31,18,13,0,1,1,"coding",1,"ENSG00000127824",219249710,219278170,28460,3.51370344342937e-05
"SOS1",65,45,20,0,1,5,"coding",5,"ENSG00000115904",38981396,39124345,142949,3.49775094614163e-05
"LRPAP1",32,29,3,0,1,1,"coding",1,"ENSG00000163956",3503612,3532446,28834,3.46812790455712e-05
"PSEN1",50,31,19,0,1,3,"coding",3,"ENSG00000080815",73136418,73223691,87273,3.43748925784607e-05
"MMP2",56,35,21,0,1,4,"coding",4,"ENSG00000087245",55389700,55506691,116991,3.41906642391295e-05
"RGS12",12,7,5,0,1,5,"coding",5,"ENSG00000159788",3293028,3439913,146885,3.40402355584301e-05
"PPARG",110,22,88,0,1,5,"coding",5,"ENSG00000132170",12287368,12434356,146988,3.40163822897107e-05
"DNAJC3",26,23,3,0,1,4,"coding",4,"ENSG00000102580",95677139,95794988,117849,3.39417390049979e-05
"BIN1",19,13,6,0,1,2,"coding",2,"ENSG00000136717",127048027,127107288,59261,3.37490086228717e-05
"RUVBL1",14,13,1,0,1,3,"coding",3,"ENSG00000175792",128064778,128153914,89136,3.36564351103931e-05
"RAB1A",42,40,2,0,1,2,"coding",2,"ENSG00000138069",65070696,65130331,59635,3.35373522260418e-05
"MAP3K2",61,59,2,0,1,3,"coding",3,"ENSG00000169967",127298730,127388465,89735,3.34317713266841e-05
"RAB5C",25,24,1,0,1,1,"coding",1,"ENSG00000108774",42124976,42155044,30068,3.32579486497273e-05
"NCOR2",94,56,38,0,1,8,"coding",8,"ENSG00000196498",124324415,124567589,243174,3.28982539251729e-05
"E2F3",227,118,109,0,1,3,"coding",3,"ENSG00000112242",20401879,20493714,91835,3.26672837153591e-05
"TCF7L2",156,50,106,0,1,7,"coding",7,"ENSG00000148737",112950247,113167678,217431,3.21941213534409e-05
"EPHA4",45,36,9,0,1,5,"coding",5,"ENSG00000116106",221418027,221574202,156175,3.20153673763406e-05
"CDC25A",73,67,6,0,1,1,"coding",1,"ENSG00000164045",48157146,48188402,31256,3.19938571794215e-05
"STOM",16,15,1,0,1,1,"coding",1,"ENSG00000148175",121338988,121370304,31316,3.19325584365819e-05
"YWHAG",233,185,48,0,1,1,"coding",1,"ENSG00000170027",76326799,76358991,32192,3.10636182902584e-05
"SMAD7",60,46,14,0,1,1,"coding",1,"ENSG00000101665",48919853,48952052,32199,3.10568651200348e-05
"ETS1",202,67,135,0,1,4,"coding",4,"ENSG00000134954",128458761,128587558,128797,3.10566239896892e-05
"APP",93,63,30,0,1,9,"coding",9,"ENSG00000142192",25880550,26171128,290578,3.09727508620749e-05
"PDPK1",96,83,13,0,1,2,"coding",2,"ENSG00000140992",2537979,2603188,65209,3.06706129521999e-05
"DLG4",76,33,43,0,1,1,"coding",1,"ENSG00000132535",7187169,7219841,32672,3.06072477962782e-05
"MAGI3",28,26,2,0,1,9,"coding",9,"ENSG00000081026",113390515,113685923,295408,3.04663380815685e-05
"SMAD3",163,53,110,0,1,4,"coding",4,"ENSG00000166949",67063763,67195169,131406,3.04400103496035e-05
"VDAC1",27,21,6,0,1,1,"coding",1,"ENSG00000213585",133971871,134004975,33104,3.02078298695022e-05
"TCEB1",49,45,4,0,1,1,"coding",1,"ENSG00000154582",73939169,73972287,33118,3.01950600881696e-05
"DAG1",31,25,6,0,1,2,"coding",2,"ENSG00000173402",49468703,49535618,66915,2.98886647239035e-05
"MAPT",58,45,13,0,1,4,"coding",4,"ENSG00000186868",45894382,46028334,133952,2.98614429049212e-05
"TRAF3",43,30,13,0,1,4,"coding",4,"ENSG00000131323",102777476,102911500,134024,2.98454008237331e-05
"BACH2",78,61,17,0,1,11,"coding",11,"ENSG00000112182",89926528,90296908,370380,2.96992278200767e-05
"TJP1",54,41,13,0,1,8,"coding",8,"ENSG00000104067",29699367,29968865,269498,2.96848214086932e-05
"ARIH2",22,20,2,0,1,2,"coding",2,"ENSG00000177479",48918821,48986382,67561,2.96028773996832e-05
"FUNDC2",11,9,2,0,1,1,"coding",1,"ENSG00000165775",155025980,155060304,34324,2.91341335508682e-05
"PRKAR2A",45,38,7,0,1,3,"coding",3,"ENSG00000114302",48744597,48847874,103277,2.90480939609013e-05
"TNFRSF10A",19,8,11,0,1,1,"coding",1,"ENSG00000104689",23190452,23225126,34674,2.88400530656976e-05
"ITGB5",31,15,16,0,1,4,"coding",4,"ENSG00000082781",124761948,124901418,139470,2.86800028680003e-05
"MELK",53,52,1,0,1,3,"coding",3,"ENSG00000165304",36572862,36677683,104821,2.86202192308793e-05
"RAP2A",40,32,8,0,1,1,"coding",1,"ENSG00000125249",97434169,97469128,34959,2.86049372121628e-05
"EPHB2",36,27,9,0,1,6,"coding",6,"ENSG00000133216",22710839,22921500,210661,2.84817787820242e-05
"SH3KBP1",55,52,3,0,1,10,"coding",10,"ENSG00000147010",19533977,19887600,353623,2.82787035911126e-05
"HMOX2",23,11,12,0,1,1,"coding",1,"ENSG00000103415",4474690,4510347,35657,2.8044984154584e-05
"KLHL20",26,21,5,0,1,2,"coding",2,"ENSG00000076321",173714941,173786692,71751,2.78741759696729e-05
"GRAP2",43,30,13,0,1,2,"coding",2,"ENSG00000100351",39901082,39973721,72639,2.75334186869313e-05
"CRKL",85,62,23,0,1,1,"coding",1,"ENSG00000099942",20917407,20953747,36340,2.75178866263071e-05
"INPP5D",18,9,9,0,1,4,"coding",4,"ENSG00000168918",233059967,233207903,147936,2.7038719446247e-05
"AP2B1",56,45,11,0,1,4,"coding",4,"ENSG00000006125",35578046,35726413,148367,2.69601730843112e-05
"SH3D19",52,50,2,0,1,6,"coding",6,"ENSG00000109686",151102751,151325632,222881,2.69201950816804e-05
"SGK1",45,41,4,0,1,4,"coding",4,"ENSG00000118515",134169246,134318112,148866,2.68698023726035e-05
"UBE2D3",42,39,3,0,1,2,"coding",2,"ENSG00000109332",102794383,102868896,74513,2.68409539275026e-05
"STK4",58,57,1,0,1,3,"coding",3,"ENSG00000101109",44966479,45080021,113542,2.64219407796234e-05
"GABPA",95,15,80,0,1,1,"coding",1,"ENSG00000154727",25734570,25772460,37890,2.63921879123779e-05
"CREB1",220,54,166,0,1,2,"coding",2,"ENSG00000118260",207529737,207605988,76251,2.62291642076825e-05
"RFX3",28,26,2,0,1,8,"coding",8,"ENSG00000080298",3218297,3526004,307707,2.59987585592788e-05
"EGFR",158,99,59,0,1,5,"coding",5,"ENSG00000146648",55019017,55211628,192611,2.59590573747086e-05
"COL4A3BP",48,46,2,0,1,4,"coding",4,"ENSG00000113163",75356345,75512138,155793,2.56750945164417e-05
"CFL1",23,17,6,0,1,1,"coding",1,"ENSG00000172757",65823022,65862026,39004,2.56383960619424e-05
"ATXN1L",71,59,12,0,1,1,"coding",1,"ENSG00000224470",71845976,71885268,39292,2.54504733788048e-05
"LAMA2",6,5,1,0,1,16,"coding",16,"ENSG00000196569",128883141,129516569,633428,2.52593822818063e-05
"GABPB1",65,58,7,0,1,2,"coding",2,"ENSG00000104064",50275392,50355408,80016,2.49950009998e-05
"DMD",57,52,5,0,1,56,"coding",56,"ENSG00000198947",31097677,33339441,2241764,2.49803279917065e-05
"CSNK2A2",46,29,17,0,1,1,"coding",1,"ENSG00000070770",58157907,58198106,40199,2.4876240702505e-05
"GAB2",23,17,6,0,1,5,"coding",5,"ENSG00000033327",78215293,78418348,203055,2.46238703799463e-05
"GRM1",11,6,5,0,1,10,"coding",10,"ENSG00000152822",146027646,146437601,409955,2.43929211742752e-05
"GATA4",25,5,20,0,1,2,"coding",2,"ENSG00000136574",11676959,11760002,83043,2.40839083366449e-05
"APPBP2",41,39,2,0,1,2,"coding",2,"ENSG00000062725",60443158,60526242,83084,2.40720234942949e-05
"MAPK14",85,72,13,0,1,2,"coding",2,"ENSG00000112062",36027677,36111236,83559,2.39351835230197e-05
"CRK",94,67,27,0,1,1,"coding",1,"ENSG00000167193",1420689,1463162,42473,2.35443693640666e-05
"PTK2",81,48,33,0,1,8,"coding",8,"ENSG00000169398",140657900,141002216,344316,2.32344706606722e-05
"MEGF10",11,8,3,0,1,4,"coding",4,"ENSG00000145794",127290796,127465737,174941,2.28648515785322e-05
"NFATC2",41,30,11,0,1,4,"coding",4,"ENSG00000101096",51386957,51562831,175874,2.27435550450891e-05
"MAPK8",71,63,8,0,1,3,"coding",3,"ENSG00000107643",48306639,48439360,132721,2.26038079881857e-05
"ITCH",23,20,3,0,1,4,"coding",4,"ENSG00000078747",34363241,34540748,177507,2.2534322590095e-05
"TRAF2",92,17,75,0,1,1,"coding",1,"ENSG00000127191",136881912,136926607,44695,2.23738673229668e-05
"IGF1R",152,132,20,0,1,7,"coding",7,"ENSG00000140443",98648539,98964530,315991,2.21525296606549e-05
"CASK",47,29,18,0,1,9,"coding",9,"ENSG00000147044",41514934,41923645,408711,2.2020449657582e-05
"TNK2",30,28,2,0,1,1,"coding",1,"ENSG00000061938",195863365,195909009,45644,2.19086846025765e-05
"SHANK2",30,27,3,0,1,17,"coding",17,"ENSG00000162105",70467856,71252577,784721,2.16637505559301e-05
"PTAFR",15,12,3,0,1,1,"coding",1,"ENSG00000169403",28147166,28193936,46770,2.1381227282446e-05
"OPRM1",4,2,2,0,1,5,"coding",5,"ENSG00000112038",154010496,154246867,236371,2.1153187150708e-05
"GNA13",58,43,15,0,1,1,"coding",1,"ENSG00000120063",65009289,65056740,47451,2.10743714568713e-05
"TNFRSF10B",40,34,6,0,1,1,"coding",1,"ENSG00000120889",23020133,23069031,48898,2.04507341813571e-05
"NCOA2",67,51,16,0,1,6,"coding",6,"ENSG00000140396",70109782,70403808,294026,2.04063586213464e-05
"VAV3",109,101,8,0,1,8,"coding",8,"ENSG00000134215",107571161,107965180,394019,2.03035894208147e-05
"HCK",55,36,19,0,1,1,"coding",1,"ENSG00000101336",32052188,32101856,49668,2.01336876862366e-05
"HDAC4",47,42,5,0,1,7,"coding",7,"ENSG00000068024",239048168,239401654,353486,1.98027644659194e-05
"BTRC",71,58,13,0,1,4,"coding",4,"ENSG00000166167",101354033,101557321,203288,1.9676518043367e-05
"ZFYVE9",31,22,9,0,1,4,"coding",4,"ENSG00000157077",52142094,52346686,204592,1.95511065926331e-05
"ATXN1",160,128,32,0,1,9,"coding",9,"ENSG00000124788",16299112,16761491,462379,1.94645518070674e-05
"CCR3",15,5,10,0,1,2,"coding",2,"ENSG00000183625",46163604,46266706,103102,1.93982657950379e-05
"RFX2",9,7,2,0,1,4,"coding",4,"ENSG00000087903",5993164,6199572,206408,1.93790938335723e-05
"POU2F1",110,96,14,0,1,4,"coding",4,"ENSG00000143190",167220876,167427345,206469,1.93733683991301e-05
"MBP",29,9,20,0,1,3,"coding",3,"ENSG00000197971",76978827,77133683,154856,1.93728366999018e-05
"ZFHX3",79,78,1,0,1,21,"coding",21,"ENSG00000140836",72782885,73891871,1108986,1.89362174094173e-05
"NCAM1",20,14,6,0,1,6,"coding",6,"ENSG00000149294",112961247,113278436,317189,1.89161667018718e-05
"GNB1",34,25,9,0,1,2,"coding",2,"ENSG00000078369",1785285,1891117,105832,1.88978758787512e-05
"RPS6KA5",68,60,8,0,1,4,"coding",4,"ENSG00000100784",90847861,91060641,212780,1.87987592818874e-05
"CBFA2T2",25,23,2,0,1,3,"coding",3,"ENSG00000078699",33490075,33650036,159961,1.87545714267853e-05
"EZR",29,21,8,0,1,1,"coding",1,"ENSG00000092820",158765741,158819368,53627,1.8647323176758e-05
"SCMH1",8,5,3,0,1,4,"coding",4,"ENSG00000010803",41027200,41242154,214954,1.86086325446375e-05
"PRKCB",49,34,15,0,1,7,"coding",7,"ENSG00000166501",23835983,24220611,384628,1.81994030595796e-05
"RAB11A",48,45,3,0,1,3,"coding",3,"ENSG00000103769",65726054,65891989,165935,1.80793684273963e-05
"NCOA1",99,63,36,0,1,5,"coding",5,"ENSG00000084676",24491914,24770702,278788,1.79347748109675e-05
"KCNA2",13,10,3,0,1,2,"coding",2,"ENSG00000177301",110519837,110631474,111637,1.79152073237368e-05
"PFDN1",27,19,8,0,1,1,"coding",1,"ENSG00000113068",140245039,140303121,58082,1.72170379807858e-05
"GNA12",33,21,12,0,1,2,"coding",2,"ENSG00000146535",2728105,2844308,116203,1.72112596060343e-05
"ZIC1",11,8,3,0,1,2,"coding",2,"ENSG00000152977",147393422,147510293,116871,1.71128851468713e-05
"GGA2",34,24,10,0,1,1,"coding",1,"ENSG00000103365",23463542,23521995,58453,1.71077617915248e-05
"BCL2L1",72,62,10,0,1,1,"coding",1,"ENSG00000171552",31664452,31723989,59537,1.67962779448074e-05
"PRKCE",51,40,11,0,1,9,"coding",9,"ENSG00000171132",45651345,46187990,536645,1.67708634199517e-05
"SRC",104,49,55,0,1,1,"coding",1,"ENSG00000197122",37344685,37406050,61365,1.6295934164426e-05
"RASA1",81,53,28,0,1,2,"coding",2,"ENSG00000145715",87267888,87391931,124043,1.6123441064792e-05
"GSN",30,22,8,0,1,2,"coding",2,"ENSG00000148180",121207794,121332843,125049,1.59937304576606e-05
"FAM46A",27,25,2,0,1,4,"coding",4,"ENSG00000112773",81491439,81752774,261335,1.53060248340253e-05
"EBF1",208,34,174,0,1,6,"coding",6,"ENSG00000164330",158695916,159099916,404000,1.48514851485149e-05
"PRKCZ",49,24,25,0,1,2,"coding",2,"ENSG00000067606",2050411,2185395,134984,1.48165708528418e-05
"CPE",44,37,7,0,1,2,"coding",2,"ENSG00000109472",165361194,165498547,137353,1.45610216012755e-05
"DISC1",30,27,3,0,1,6,"coding",6,"ENSG00000162946",231626815,232041272,414457,1.44767732237602e-05
"PSMA1",20,11,9,0,1,2,"coding",2,"ENSG00000129084",14504874,14643635,138761,1.44132717406188e-05
"AK5",5,4,1,0,1,4,"coding",4,"ENSG00000154027",77282019,77559966,277947,1.43912328609411e-05
"GNAI3",38,26,12,0,1,1,"coding",1,"ENSG00000065135",109548615,109618324,69709,1.43453499548121e-05
"RPA1",34,18,16,0,1,1,"coding",1,"ENSG00000132383",1829702,1900082,70380,1.4208581983518e-05
"DRD3",5,1,4,0,1,1,"coding",1,"ENSG00000151577",114128652,114199407,70755,1.41332768002261e-05
"HOMER1",34,25,9,0,1,2,"coding",2,"ENSG00000152413",79372636,79514217,141581,1.41261892485574e-05
"ERCC8",8,6,2,0,1,1,"coding",1,"ENSG00000049167",60873831,60945073,71242,1.40366637657562e-05
"C11orf58",26,20,6,0,1,2,"coding",2,"ENSG00000110696",16613132,16758340,145208,1.37733458211669e-05
"SH3GL2",14,10,4,0,1,3,"coding",3,"ENSG00000107295",17579066,17797124,218058,1.37578075557879e-05
"GOLM1",27,24,3,0,1,1,"coding",1,"ENSG00000135052",86026146,86100173,74027,1.35085847055804e-05
"AKAP10",28,23,5,0,1,1,"coding",1,"ENSG00000108599",19904302,19978343,74041,1.35060304425926e-05
"DTNB",13,10,3,0,1,4,"coding",4,"ENSG00000138101",25377198,25673647,296449,1.34930460214067e-05
"UBE2L3",20,16,4,0,1,1,"coding",1,"ENSG00000185651",21549447,21624034,74587,1.3407162105997e-05
"CD2AP",68,63,5,0,1,2,"coding",2,"ENSG00000198087",47477789,47627263,149474,1.33802534219998e-05
"RYBP",73,70,3,0,1,1,"coding",1,"ENSG00000163602",72371825,72446621,74796,1.33696989143804e-05
"PPP2R5A",26,21,5,0,1,1,"coding",1,"ENSG00000066027",212285410,212361853,76443,1.30816425310362e-05
"RAD52",10,8,2,0,1,1,"coding",1,"ENSG00000002016",912077,990053,77976,1.28244588078383e-05
"SMAD1",117,27,90,0,1,1,"coding",1,"ENSG00000170365",145481194,145559176,77982,1.28234720833013e-05
"BLNK",20,14,6,0,1,1,"coding",1,"ENSG00000095585",96191702,96271587,79885,1.25179946172623e-05
"HMGB1",61,59,2,0,1,2,"coding",2,"ENSG00000189403",30456704,30617597,160893,1.24306215932328e-05
"SMAD6",18,15,3,0,1,1,"coding",1,"ENSG00000137834",66702236,66782849,80613,1.24049470929006e-05
"STARD13",40,36,4,0,1,3,"coding",3,"ENSG00000133121",33103137,33350630,247493,1.21215549530694e-05
"GNAO1",19,9,10,0,1,2,"coding",2,"ENSG00000087258",56191489,56357444,165955,1.20514597330602e-05
"RAP1A",52,35,17,0,1,2,"coding",2,"ENSG00000116473",111542218,111716691,174473,1.14630917104652e-05
"PARD3",36,26,10,0,1,8,"coding",8,"ENSG00000148498",34109560,34815325,705765,1.13352178132948e-05
"AGFG1",49,45,4,0,1,1,"coding",1,"ENSG00000173744",227472152,227561214,89062,1.12281332105724e-05
"RANBP9",29,23,6,0,1,1,"coding",1,"ENSG00000010017",13621498,13711835,90337,1.10696613790584e-05
"PTPN11",101,53,48,0,1,1,"coding",1,"ENSG00000179295",112418351,112509913,91562,1.09215613464101e-05
"ARRB1",59,38,21,0,1,1,"coding",1,"ENSG00000137486",75260122,75351705,91583,1.09190570302349e-05
"JARID2",47,28,19,0,1,3,"coding",3,"ENSG00000008083",15246069,15522042,275973,1.08706286484547e-05
"KPNA1",61,57,4,0,1,1,"coding",1,"ENSG00000114030",122421902,122514945,93043,1.07477187966854e-05
"CLIC4",53,51,2,0,1,1,"coding",1,"ENSG00000169504",24745382,24844321,98939,1.01072377929836e-05
"HHIP",45,43,2,0,1,1,"coding",1,"ENSG00000164161",144646156,144745271,99115,1.00892902184331e-05
"CBFA2T3",33,32,1,0,1,1,"coding",1,"ENSG00000129993",88874858,88977204,102346,9.7707775584781e-06
"PRKD1",32,25,7,0,1,6,"coding",6,"ENSG00000184304",29576479,30191898,615419,9.74945524918795e-06
"TGFA",35,31,4,0,1,1,"coding",1,"ENSG00000163235",70447284,70554193,106909,9.35374945046722e-06
"MAPK1",157,127,30,0,1,1,"coding",1,"ENSG00000100030",21754500,21867680,113180,8.83548330093656e-06
"SNCA",31,16,15,0,1,1,"coding",1,"ENSG00000145335",89724099,89838315,114216,8.7553407578623e-06
"RAB27A",27,19,8,0,1,1,"coding",1,"ENSG00000069974",55202966,55319113,116147,8.60977898697341e-06
"PTN",49,17,32,0,1,1,"coding",1,"ENSG00000105894",137227341,137343865,116524,8.5819230373142e-06
"EIF3E",27,21,6,0,1,2,"coding",2,"ENSG00000104408",108201216,108435333,234117,8.54273717841934e-06
"MPP6",46,41,5,0,1,1,"coding",1,"ENSG00000105926",24573268,24694193,120925,8.26958858796775e-06
"GRK5",32,23,9,0,1,2,"coding",2,"ENSG00000198873",119207589,119459742,252153,7.93169226620346e-06
"PRKCA",145,75,70,0,1,4,"coding",4,"ENSG00000154229",66302613,66810743,508130,7.8720012595202e-06
"SOX6",56,55,1,0,1,6,"coding",6,"ENSG00000110693",15966449,16739591,773142,7.76054075447977e-06
"ROBO2",39,31,8,0,1,13,"coding",13,"ENSG00000185008",75906695,77649964,1743269,7.45725415870987e-06
"CHFR",11,7,4,0,1,1,"coding",1,"ENSG00000072609",132822187,132956304,134117,7.4561763236577e-06
"IGSF21",17,11,6,0,1,2,"coding",2,"ENSG00000117154",18107798,18378483,270685,7.3886620980106e-06
"GSK3B",141,96,45,0,1,2,"coding",2,"ENSG00000082701",119821323,120094417,273094,7.32348568624723e-06
"MAP2K6",29,25,4,0,1,1,"coding",1,"ENSG00000108984",69414697,69553865,139168,7.18555989882732e-06
"RDX",56,50,6,0,1,3,"coding",3,"ENSG00000137710",109864295,110296712,432417,6.93774759086715e-06
"SOX5",37,35,2,0,1,7,"coding",7,"ENSG00000134532",23529504,24562544,1033040,6.77611709130334e-06
"NCK2",39,29,10,0,1,1,"coding",1,"ENSG00000071051",105744912,105894274,149362,6.69514334301897e-06
"LIMS1",38,33,5,0,1,1,"coding",1,"ENSG00000169756",108534355,108687246,152891,6.54060736079952e-06
"DLGAP1",15,8,7,0,1,6,"coding",6,"ENSG00000170579",3496032,4455307,959275,6.25472361940007e-06
"RNF130",11,9,2,0,1,1,"coding",1,"ENSG00000113269",179911651,180072113,160462,6.23200508531615e-06
"ADRBK2",37,35,2,0,1,1,"coding",1,"ENSG00000100077",25564675,25729294,164619,6.07463294030458e-06
"SPOCK3",11,10,1,0,1,3,"coding",3,"ENSG00000196104",166733384,167234796,501412,5.98310371510853e-06
"SH3GL3",25,8,17,0,1,1,"coding",1,"ENSG00000140600",83447228,83618743,171515,5.8303938431041e-06
"PBX1",180,49,131,0,1,2,"coding",2,"ENSG00000185630",164555584,164899296,343712,5.81882506284331e-06
"CTBP2",23,20,3,0,1,1,"coding",1,"ENSG00000175029",124984317,125161170,176853,5.6544135524984e-06
"PRKAR1B",11,10,1,0,1,1,"coding",1,"ENSG00000188191",549197,727650,178453,5.60371638470634e-06
"CNTNAP2",22,18,4,0,1,12,"coding",12,"ENSG00000174469",146116002,148420998,2304996,5.20608278712848e-06
"PDE4D",40,39,1,0,1,8,"coding",8,"ENSG00000113448",58969038,60522120,1553082,5.15104804511288e-06
"EDA",6,5,1,0,1,2,"coding",2,"ENSG00000158813",69616067,70039472,423405,4.72360978259586e-06
"AHR",75,44,31,0,1,2,"coding",2,"ENSG00000106546",16916359,17346152,429793,4.65340291721829e-06
"GNAI1",50,32,18,0,1,2,"coding",2,"ENSG00000127955",79768028,80226181,458153,4.36535393198342e-06
"PTGFR",15,13,2,0,1,1,"coding",1,"ENSG00000122420",78303884,78540701,236817,4.2226698252237e-06
"PRKG1",51,35,16,0,1,5,"coding",5,"ENSG00000185532",50990888,52298350,1307462,3.8242029213851e-06
"DLG2",52,29,23,0,1,8,"coding",8,"ENSG00000150672",83455012,85627922,2172910,3.6816987357967e-06
"TRIM5",12,10,2,0,1,1,"coding",1,"ENSG00000132256",5663557,5938619,275062,3.63554398644669e-06
"SYT1",41,34,7,0,1,2,"coding",2,"ENSG00000067715",78863993,79452008,588015,3.4012737770295e-06
"EFNA5",46,45,1,0,1,1,"coding",1,"ENSG00000184349",107376889,107670937,294048,3.40080531069757e-06
"GNAQ",64,46,18,0,1,1,"coding",1,"ENSG00000156052",77716087,78031458,315371,3.17086859603451e-06
"STX8",11,9,2,0,1,1,"coding",1,"ENSG00000170310",9250471,9576591,326120,3.06635594259782e-06
"DACH1",34,29,5,0,1,3,"coding",NA,NA,NA,NA,NA,NA
"NUDT18",22,15,7,0,1,1,"coding",NA,NA,NA,NA,NA,NA
"NUDT3",93,77,16,0,1,1,"coding",NA,NA,NA,NA,NA,NA
"RBM8A",35,33,2,0,1,4,"coding",NA,NA,NA,NA,NA,NA
"VTN",12,3,9,0,1,3,"coding",NA,NA,NA,NA,NA,NA
